Pos( 1,:) = [ 1.48852 -0.116625 1.20797 ];
Pos( 2,:) = [ 1.49079 -0.00519521 1.22116 ];
Pos( 3,:) = [ 1.49967 -1.40806e-05 1.21807 ];
Pos( 4,:) = [ 1.49759 0.0119756 1.2044 ];
Pos( 5,:) = [ 1.49765 0.00156806 1.20539 ];
Pos( 6,:) = [ 1.49772 0.00431787 1.20106 ];
Pos( 7,:) = [ 1.49449 -0.0975128 1.20791 ];
Pos( 8,:) = [ 1.49765 0.00109355 1.20279 ];
Pos( 9,:) = [ 1.49764 0.00147003 1.20464 ];
Pos( 10,:) = [ 1.45641 -0.350884 1.21051 ];
Pos( 11,:) = [ 1.49763 -0.00468957 1.20326 ];
Pos( 12,:) = [ 1.46734 -0.300091 1.20135 ];
Pos( 13,:) = [ 1.49765 -0.00361779 1.20276 ];
Pos( 14,:) = [ 1.49747 -0.0224687 1.2033 ];
Pos( 15,:) = [ 1.49764 0.00585379 1.20604 ];
Pos( 16,:) = [ 1.49164 -0.134109 1.20602 ];
Pos( 17,:) = [ 1.49765 0.000182097 1.20589 ];
Pos( 18,:) = [ 1.49776 -0.00141052 1.20017 ];
Pos( 19,:) = [ 1.49729 -0.0339333 1.20229 ];
Pos( 20,:) = [ 1.4789 -0.236311 1.20648 ];
Pos( 21,:) = [ 1.4942 -0.1028 1.20088 ];
Pos( 22,:) = [ 1.42809 -0.452106 1.20987 ];
Pos( 23,:) = [ 1.41923 -0.480239 1.21144 ];
Pos( 24,:) = [ 1.49422 -0.102304 1.20126 ];
Pos( 25,:) = [ 1.49789 -0.00610207 1.19843 ];
Pos( 26,:) = [ 1.4979 -0.00743829 1.19834 ];
Pos( 27,:) = [ 1.49799 -0.0248597 1.19603 ];
Pos( 28,:) = [ 1.49809 -0.0226631 1.19543 ];
Pos( 29,:) = [ 1.49769 -0.01138 1.20066 ];
Pos( 30,:) = [ 1.49808 -0.0152634 1.19632 ];
Pos( 31,:) = [ 1.44413 -0.396879 1.20237 ];
Pos( 32,:) = [ 1.49644 -0.0702395 1.19694 ];
Pos( 33,:) = [ 1.49367 -0.110452 1.20047 ];
Pos( 34,:) = [ 1.49797 0.00675261 1.19778 ];
Pos( 35,:) = [ 1.49814 -0.0109748 1.19618 ];
Pos( 36,:) = [ 1.49773 -0.0106021 1.19979 ];
Pos( 37,:) = [ 1.49683 -0.0505462 1.20216 ];
Pos( 38,:) = [ 1.49766 -0.0323373 1.1976 ];
Pos( 39,:) = [ 1.47358 -0.267985 1.20026 ];
Pos( 40,:) = [ 1.35898 -0.632918 1.2155 ];
Pos( 41,:) = [ 1.49813 -0.00258742 1.19651 ];
Pos( 42,:) = [ 1.49816 0.0031895 1.19627 ];
Pos( 43,:) = [ 1.4979 -0.00875371 1.19825 ];
Pos( 44,:) = [ 1.49802 -0.00588484 1.19738 ];
Pos( 45,:) = [ 1.43834 -0.328008 1.20716 ];
Pos( 46,:) = [ 1.49732 0.0362933 1.20022 ];
Pos( 47,:) = [ 1.37858 -0.592651 1.22208 ];
Pos( 48,:) = [ 1.49826 -0.0024235 1.19549 ];
Pos( 49,:) = [ 1.4979 -0.00758646 1.19834 ];
Pos( 50,:) = [ 1.49786 0.0034416 1.19879 ];
Pos( 51,:) = [ 1.39457 -0.54765 1.21129 ];
Pos( 52,:) = [ 1.49773 -0.0117426 1.19958 ];
Pos( 53,:) = [ 1.49768 -0.00732028 1.20168 ];
Pos( 54,:) = [ 1.49324 -0.115871 1.20099 ];
Pos( 55,:) = [ 1.4789 -0.239518 1.19624 ];
Pos( 56,:) = [ 1.34687 -0.659938 1.21892 ];
Pos( 57,:) = [ 1.4974 -0.0433022 1.1974 ];
Pos( 58,:) = [ 1.49782 -0.00234066 1.19914 ];
Pos( 59,:) = [ 1.49806 0.000942715 1.19718 ];
Pos( 60,:) = [ 1.49772 -0.000278688 1.20101 ];
Pos( 61,:) = [ 1.49353 -0.115629 1.1977 ];
Pos( 62,:) = [ 1.49776 -0.00170226 1.19995 ];
Pos( 63,:) = [ 1.49826 0.000265402 1.19551 ];
Pos( 64,:) = [ 1.48326 -0.207561 1.20143 ];
Pos( 65,:) = [ 1.49776 -0.0071393 1.19971 ];
Pos( 66,:) = [ 1.49782 0.00537556 1.19906 ];
Pos( 67,:) = [ 1.49799 0.00120694 1.1977 ];
Pos( 68,:) = [ 1.46627 -0.304975 1.20555 ];
Pos( 69,:) = [ 1.49772 -0.00224507 1.20107 ];
Pos( 70,:) = [ 1.49849 -0.00536341 1.19351 ];
Pos( 71,:) = [ 1.49817 -0.0311677 1.19352 ];
Pos( 72,:) = [ 1.49828 -0.00946853 1.19507 ];
Pos( 73,:) = [ 1.49843 -0.0014219 1.19404 ];
Pos( 74,:) = [ 1.46223 -0.323995 1.20163 ];
Pos( 75,:) = [ 1.49783 -0.0268974 1.19708 ];
Pos( 76,:) = [ 1.49734 -0.0378628 1.1992 ];
Pos( 77,:) = [ 1.48383 -0.203406 1.20134 ];
Pos( 78,:) = [ 1.49835 -0.0031611 1.19469 ];
Pos( 79,:) = [ 1.49777 0.00477255 1.19952 ];
Pos( 80,:) = [ 1.4983 0.000447488 1.19514 ];
Pos( 81,:) = [ 1.4983 -0.00640579 1.19505 ];
Pos( 82,:) = [ 1.49872 -0.0017916 1.19162 ];
Pos( 83,:) = [ 1.49781 -0.000541793 1.19921 ];
Pos( 84,:) = [ 1.4752 -0.258713 1.20117 ];
Pos( 85,:) = [ 1.49844 0.000152468 1.19397 ];
Pos( 86,:) = [ 1.4979 0.00998026 1.19818 ];
Pos( 87,:) = [ 1.49791 -0.00502467 1.19832 ];
Pos( 88,:) = [ 1.44288 -0.40322 1.21089 ];
Pos( 89,:) = [ 1.48051 -0.227552 1.19852 ];
Pos( 90,:) = [ 1.49829 -0.00402326 1.19518 ];
Pos( 91,:) = [ 1.49758 -0.0115958 1.20353 ];
Pos( 92,:) = [ 1.4984 0.00624212 1.1942 ];
Pos( 93,:) = [ 1.49695 -0.0687055 1.19328 ];
Pos( 94,:) = [ 1.49862 -0.00177832 1.1925 ];
Pos( 95,:) = [ 1.48402 -0.202199 1.20081 ];
Pos( 96,:) = [ 1.45747 -0.344593 1.20277 ];
Pos( 97,:) = [ 1.45886 -0.338713 1.2074 ];
Pos( 98,:) = [ 1.47856 -0.238404 1.20273 ];
Pos( 99,:) = [ 1.49913 0.017644 1.18734 ];
Pos( 100,:) = [ 1.49769 0.0105023 1.20084 ];
Pos( 101,:) = [ 1.49726 -0.0694021 1.19039 ];
Pos( 102,:) = [ 1.49238 -0.126622 1.20062 ];
Pos( 103,:) = [ 1.49779 -0.0357883 1.19586 ];
Pos( 104,:) = [ 1.49801 -0.00373598 1.1975 ];
Pos( 105,:) = [ 1.49812 -0.00401997 1.19664 ];
Pos( 106,:) = [ 1.49779 -0.0191402 1.19839 ];
Pos( 107,:) = [ 1.49722 -0.0532619 1.19626 ];
Pos( 108,:) = [ 1.47699 -0.248443 1.20058 ];
Pos( 109,:) = [ 1.49805 -0.0121218 1.19684 ];
Pos( 110,:) = [ 1.47661 -0.257635 1.18995 ];
Pos( 111,:) = [ 1.49841 0.000220334 1.19423 ];
Pos( 112,:) = [ 1.49844 -0.0039219 1.19396 ];
Pos( 113,:) = [ 1.44199 -0.404457 1.205 ];
Pos( 114,:) = [ 1.49854 -0.000197834 1.19313 ];
Pos( 115,:) = [ 1.49764 -0.000496967 1.20304 ];
Pos( 116,:) = [ 1.44603 -0.389834 1.20609 ];
Pos( 117,:) = [ 1.49208 -0.132191 1.1983 ];
Pos( 118,:) = [ 1.49849 0.00512422 1.19344 ];
Pos( 119,:) = [ 1.49777 -0.0435861 1.19427 ];
Pos( 120,:) = [ 1.49859 -0.000379638 1.19268 ];
Pos( 121,:) = [ 1.41292 0.0173391 1.16485 ];
Pos( 122,:) = [ 1.49852 -0.00451314 1.19327 ];
Pos( 123,:) = [ 1.49811 -0.0172723 1.19587 ];
Pos( 124,:) = [ 1.49824 0.00470992 1.19557 ];
Pos( 125,:) = [ 1.47731 -0.24649 1.20074 ];
Pos( 126,:) = [ 1.49776 -0.00119606 1.2002 ];
Pos( 127,:) = [ 1.4962 -0.0892194 1.1905 ];
Pos( 128,:) = [ 1.49754 -0.056893 1.19243 ];
Pos( 129,:) = [ 1.49857 -0.000386746 1.19286 ];
Pos( 130,:) = [ 1.48709 -0.178937 1.19918 ];
Pos( 131,:) = [ 1.49869 -0.00099721 1.1919 ];
Pos( 132,:) = [ 1.49544 -0.0943607 1.19422 ];
Pos( 133,:) = [ 1.49838 -0.00163249 1.19445 ];
Pos( 134,:) = [ 1.49864 0.00088617 1.19229 ];
Pos( 135,:) = [ 1.46287 -0.320902 1.2029 ];
Pos( 136,:) = [ 1.49811 -0.00515401 1.19668 ];
Pos( 137,:) = [ 1.48263 -0.000505349 1.21391 ];
Pos( 138,:) = [ 1.49679 -0.0673432 1.19511 ];
Pos( 139,:) = [ 1.49523 -0.0862784 1.20117 ];
Pos( 140,:) = [ 1.49683 -0.0593999 1.19758 ];
Pos( 141,:) = [ 1.49785 -0.00345564 1.19889 ];
Pos( 142,:) = [ 1.49794 -1.84943e-05 1.19811 ];
Pos( 143,:) = [ 1.47317 -0.269941 1.2016 ];
Pos( 144,:) = [ 1.49887 -0.0115742 1.19 ];
Pos( 145,:) = [ 1.47462 -0.000359862 1.20657 ];
Pos( 146,:) = [ 1.49839 0.00487626 1.1943 ];
Pos( 147,:) = [ 1.49584 -0.0762909 1.19957 ];
Pos( 148,:) = [ 1.49845 -0.00258729 1.19388 ];
Pos( 149,:) = [ 1.49775 0.00355022 1.20013 ];
Pos( 150,:) = [ 1.49861 -0.00531509 1.19251 ];
Pos( 151,:) = [ 1.49592 -0.0967612 1.18891 ];
Pos( 152,:) = [ 1.49851 0.00124688 1.19335 ];
Pos( 153,:) = [ 1.46931 -0.291261 1.19848 ];
Pos( 154,:) = [ 1.49821 -0.000128574 1.1959 ];
Pos( 155,:) = [ 1.45888 -0.33851 1.20479 ];
Pos( 156,:) = [ 1.4974 -0.0500617 1.1957 ];
Pos( 157,:) = [ 1.4984 -0.0050386 1.19421 ];
Pos( 158,:) = [ 1.49841 -0.000499347 1.19419 ];
Pos( 159,:) = [ 1.49485 -0.0981981 1.19702 ];
Pos( 160,:) = [ 1.49851 0.00101515 1.1934 ];
Pos( 161,:) = [ 1.48914 -0.163668 1.19676 ];
Pos( 162,:) = [ 1.49813 0.00118033 1.19653 ];
Pos( 163,:) = [ 1.35653 -0.635423 1.20999 ];
Pos( 164,:) = [ 1.49884 0.00601259 1.1905 ];
Pos( 165,:) = [ 1.49933 0.010698 1.18619 ];
Pos( 166,:) = [ 1.49799 -0.00281265 1.19771 ];
Pos( 167,:) = [ 1.49853 0.0045261 1.19313 ];
Pos( 168,:) = [ 1.49461 -0.103216 1.19622 ];
Pos( 169,:) = [ 1.4983 0.00154105 1.19511 ];
Pos( 170,:) = [ 1.49666 -0.0715904 1.19452 ];
Pos( 171,:) = [ 1.49888 0.00200414 1.19027 ];
Pos( 172,:) = [ 1.48879 -0.165453 1.19803 ];
Pos( 173,:) = [ 1.49827 -0.0050504 1.19534 ];
Pos( 174,:) = [ 1.49468 -0.100361 1.19729 ];
Pos( 175,:) = [ 1.4985 0.00164917 1.19343 ];
Pos( 176,:) = [ 1.49838 -0.00580007 1.19442 ];
Pos( 177,:) = [ 1.49341 -0.120166 1.19571 ];
