Pos( 1,:) = [ 1.49842 -0.00151984 1.19557 ];
Pos( 2,:) = [ 1.46024 0.15734 1.20162 ];
Pos( 3,:) = [ 1.45017 -0.325471 1.21742 ];
Pos( 4,:) = [ 1.49825 -8.97426e-05 1.19713 ];
Pos( 5,:) = [ 1.49803 -0.0181787 1.1982 ];
Pos( 6,:) = [ 1.49826 -0.000922661 1.19712 ];
Pos( 7,:) = [ 1.49802 -0.0087307 1.19901 ];
Pos( 8,:) = [ 1.49842 -9.6913e-05 1.19566 ];
Pos( 9,:) = [ 1.39713 -0.505743 1.21707 ];
Pos( 10,:) = [ 1.49851 -0.000226918 1.19484 ];
Pos( 11,:) = [ 1.43399 -0.372061 1.21312 ];
Pos( 12,:) = [ 1.49854 -0.00338789 1.19446 ];
Pos( 13,:) = [ 1.49868 -0.000922369 1.19321 ];
Pos( 14,:) = [ 1.26521 -0.780816 1.21787 ];
Pos( 15,:) = [ 1.44748 -0.286026 1.20772 ];
Pos( 16,:) = [ 1.49864 -0.000171968 1.19358 ];
Pos( 17,:) = [ 1.49871 -0.000167716 1.19298 ];
Pos( 18,:) = [ 1.49833 -0.0036708 1.19637 ];
Pos( 19,:) = [ 1.49855 0.00029867 1.1944 ];
Pos( 20,:) = [ 0.923803 -1.16282 1.2164 ];
Pos( 21,:) = [ 1.49874 -0.000538852 1.19269 ];
Pos( 22,:) = [ 1.32993 -0.666288 1.21855 ];
Pos( 23,:) = [ 1.37713 -0.544667 1.21264 ];
Pos( 24,:) = [ 1.49883 -8.15058e-05 1.19187 ];
Pos( 25,:) = [ 1.49867 -0.000955379 1.19331 ];
Pos( 26,:) = [ 1.49873 -0.000276867 1.1928 ];
Pos( 27,:) = [ 1.49887 0.00173191 1.1915 ];
Pos( 28,:) = [ 1.49891 -5.52153e-05 1.19118 ];
Pos( 29,:) = [ 1.02672 -1.07859 1.22002 ];
Pos( 30,:) = [ 1.49889 -0.000613155 1.19131 ];
Pos( 31,:) = [ 1.37051 -0.549739 1.20879 ];
Pos( 32,:) = [ 1.49892 -7.8405e-05 1.19103 ];
Pos( 33,:) = [ 1.19145 -0.885424 1.21579 ];
Pos( 34,:) = [ 1.28132 -0.755395 1.21847 ];
Pos( 35,:) = [ 1.49886 -0.00109428 1.1916 ];
Pos( 36,:) = [ 1.2513 -0.800733 1.21681 ];
Pos( 37,:) = [ 1.49983 -0.00523213 1.18273 ];
Pos( 38,:) = [ 1.49898 0.000187167 1.19048 ];
Pos( 39,:) = [ 1.35344 -0.645208 1.187 ];
Pos( 40,:) = [ 1.49904 -0.0012701 1.19001 ];
Pos( 41,:) = [ 1.49933 -0.00316683 1.18733 ];
Pos( 42,:) = [ 1.49891 -0.00161572 1.19118 ];
Pos( 43,:) = [ 1.49886 -0.000878331 1.19159 ];
Pos( 44,:) = [ 1.49949 -0.00854182 1.18563 ];
Pos( 45,:) = [ 1.49871 -0.00101446 1.19296 ];
Pos( 46,:) = [ 1.49917 -0.00269691 1.18875 ];
Pos( 47,:) = [ 1.29559 -0.740447 1.22283 ];
Pos( 48,:) = [ 1.43022 -0.393271 1.21477 ];
Pos( 49,:) = [ 1.49863 -0.00450744 1.19364 ];
Pos( 50,:) = [ 1.27784 -0.749997 1.21331 ];
Pos( 51,:) = [ 1.11405 -0.967351 1.20768 ];
Pos( 52,:) = [ 1.49895 0.00268698 1.19076 ];
Pos( 53,:) = [ 1.07338 -1.04069 1.22534 ];
Pos( 54,:) = [ 1.49908 0.000962578 1.18962 ];
Pos( 55,:) = [ 1.49965 0.000904018 1.18443 ];
Pos( 56,:) = [ 1.49896 0.000918123 1.19069 ];
Pos( 57,:) = [ 1.07543 -1.03292 1.22182 ];
Pos( 58,:) = [ 1.05584 -1.04429 1.21633 ];
Pos( 59,:) = [ 1.29233 -0.712432 1.20792 ];
Pos( 60,:) = [ 1.03425 -1.0787 1.22477 ];
Pos( 61,:) = [ 1.49922 -6.74765e-05 1.18835 ];
Pos( 62,:) = [ 1.14322 -0.964359 1.22588 ];
Pos( 63,:) = [ 1.4993 -1.84863e-05 1.18759 ];
Pos( 64,:) = [ 1.49989 -0.00733556 1.18208 ];
Pos( 65,:) = [ 0.786975 -1.26893 1.22364 ];
Pos( 66,:) = [ 1.0519 -1.0603 1.224 ];
Pos( 67,:) = [ 1.31193 -0.718179 1.22588 ];
Pos( 68,:) = [ 1.20884 -0.872015 1.22128 ];
Pos( 69,:) = [ 1.49919 -0.000397841 1.18858 ];
Pos( 70,:) = [ 1.49931 -0.000176999 1.18753 ];
Pos( 71,:) = [ 1.21954 -0.851129 1.21826 ];
Pos( 72,:) = [ 1.49948 -0.0027148 1.18597 ];
Pos( 73,:) = [ 1.49934 -0.000114766 1.18727 ];
Pos( 74,:) = [ 1.04813 -1.06716 1.22602 ];
Pos( 75,:) = [ 1.10157 -1.0026 1.22037 ];
Pos( 76,:) = [ 1.49955 0.000883237 1.18528 ];
Pos( 77,:) = [ 1.49952 -0.000742984 1.18555 ];
Pos( 78,:) = [ 1.34736 -0.615022 1.21278 ];
Pos( 79,:) = [ 1.34513 -0.591766 1.20239 ];
Pos( 80,:) = [ 1.49942 -0.00025666 1.18651 ];
Pos( 81,:) = [ 1.08164 -1.0316 1.22504 ];
Pos( 82,:) = [ 1.49941 -0.00045403 1.1866 ];
Pos( 83,:) = [ 1.03185 -1.08078 1.22463 ];
Pos( 84,:) = [ 1.49951 -0.000270013 1.18566 ];
Pos( 85,:) = [ 1.49944 -6.74181e-05 1.1863 ];
Pos( 86,:) = [ 1.24722 -0.800162 1.21344 ];
Pos( 87,:) = [ 1.13981 -0.963285 1.22291 ];
Pos( 88,:) = [ 0.873574 -1.2124 1.22471 ];
Pos( 89,:) = [ 1.06018 -1.05003 1.22274 ];
Pos( 90,:) = [ 1.4994 6.3491e-05 1.18667 ];
Pos( 91,:) = [ 0.323398 -1.45156 1.21824 ];
Pos( 92,:) = [ 1.49944 -0.000237098 1.18631 ];
Pos( 93,:) = [ 1.1431 -0.925731 1.20364 ];
Pos( 94,:) = [ 1.10114 -1.01153 1.2255 ];
Pos( 95,:) = [ 1.06176 -1.04691 1.22178 ];
Pos( 96,:) = [ 0.889319 -1.20896 1.2277 ];
Pos( 97,:) = [ 1.09606 -1.01529 1.22444 ];
Pos( 98,:) = [ 1.49953 0.0011512 1.18554 ];
Pos( 99,:) = [ 0.803488 -1.26491 1.22848 ];
Pos( 100,:) = [ 1.49952 -0.00024794 1.18557 ];
Pos( 101,:) = [ 1.49962 -0.000142308 1.18472 ];
Pos( 102,:) = [ 1.49958 -0.00329017 1.18503 ];
Pos( 103,:) = [ 1.49988 -0.00549942 1.18225 ];
Pos( 104,:) = [ 1.26421 -0.793819 1.22329 ];
Pos( 105,:) = [ 1.1439 -0.952649 1.21958 ];
Pos( 106,:) = [ 1.4995 -0.00154338 1.18574 ];
Pos( 107,:) = [ 1.4995 -5.06801e-05 1.18577 ];
Pos( 108,:) = [ 1.03542 -1.07338 1.22205 ];
Pos( 109,:) = [ 0.99719 -1.11786 1.228 ];
Pos( 110,:) = [ 1.20642 -0.883672 1.22569 ];
Pos( 111,:) = [ 1.16415 -0.931489 1.22165 ];
Pos( 112,:) = [ 1.15453 -0.94441 1.22224 ];
Pos( 113,:) = [ 1.16391 -0.934651 1.22326 ];
Pos( 114,:) = [ 1.49915 -0.0130249 1.18844 ];
Pos( 115,:) = [ 1.49971 -9.14448e-05 1.18385 ];
Pos( 116,:) = [ 1.49963 -0.000330956 1.18456 ];
Pos( 117,:) = [ 1.49963 -0.000225423 1.18461 ];
Pos( 118,:) = [ 1.50002 -0.00631869 1.18088 ];
Pos( 119,:) = [ 1.49978 -0.00297226 1.18323 ];
Pos( 120,:) = [ 1.49976 -0.000718577 1.18341 ];
Pos( 121,:) = [ 1.02766 -1.08179 1.22269 ];
Pos( 122,:) = [ 0.809552 -1.25382 1.22302 ];
Pos( 123,:) = [ 1.08097 -1.0324 1.22509 ];
Pos( 124,:) = [ 1.17435 -0.893424 1.20781 ];
Pos( 125,:) = [ 1.49986 -0.0015706 1.18247 ];
Pos( 126,:) = [ 1.49963 -1.83062e-05 1.18456 ];
Pos( 127,:) = [ 1.49959 -3.8557e-05 1.18494 ];
Pos( 128,:) = [ 1.49978 3.84042e-05 1.18322 ];
Pos( 129,:) = [ 1.49973 -0.0001022 1.18369 ];
Pos( 130,:) = [ 0.974738 -1.12872 1.22202 ];
Pos( 131,:) = [ 1.49951 -0.00100791 1.18572 ];
Pos( 132,:) = [ 1.0269 -1.07733 1.21931 ];
Pos( 133,:) = [ 1.49971 -6.69764e-05 1.18382 ];
Pos( 134,:) = [ 1.49986 -7.44492e-05 1.18253 ];
Pos( 135,:) = [ 1.50021 -0.0119922 1.17885 ];
Pos( 136,:) = [ 1.49974 -0.00118682 1.18354 ];
Pos( 137,:) = [ 0.901869 -1.19154 1.22473 ];
Pos( 138,:) = [ 1.50056 0.00244725 1.17612 ];
Pos( 139,:) = [ 1.15349 -0.945633 1.22221 ];
Pos( 140,:) = [ 0.850416 -1.22741 1.22371 ];
Pos( 141,:) = [ 1.49972 -4.20493e-05 1.18381 ];
Pos( 142,:) = [ 1.49982 -0.00108433 1.18289 ];
Pos( 143,:) = [ 0.973187 -1.12124 1.21601 ];
Pos( 144,:) = [ 1.49986 -0.000126292 1.18251 ];
Pos( 145,:) = [ 1.49991 0.000922369 1.18207 ];
Pos( 146,:) = [ 1.4998 -0.00103987 1.18307 ];
Pos( 147,:) = [ 1.31181 -0.689289 1.21349 ];
Pos( 148,:) = [ 1.49987 -6.66749e-05 1.18241 ];
Pos( 149,:) = [ 1.49986 -0.000253164 1.18253 ];
Pos( 150,:) = [ 0.848801 -1.23774 1.22771 ];
Pos( 151,:) = [ 1.49984 -3.39426e-05 1.18271 ];
Pos( 152,:) = [ 1.50028 -0.00141327 1.1787 ];
Pos( 153,:) = [ 1.49985 -5.07748e-05 1.18256 ];
Pos( 154,:) = [ 1.07629 -1.03975 1.22664 ];
Pos( 155,:) = [ 1.49983 -0.000132784 1.18275 ];
Pos( 156,:) = [ 1.28459 -0.735514 1.21203 ];
Pos( 157,:) = [ 0.825524 -1.24879 1.22709 ];
Pos( 158,:) = [ 1.21522 -0.864889 1.22222 ];
Pos( 159,:) = [ 1.49974 -0.00243342 1.18361 ];
Pos( 160,:) = [ 1.07367 -1.02542 1.21601 ];
Pos( 161,:) = [ 1.14053 -0.952337 1.21707 ];
Pos( 162,:) = [ 1.49996 -0.00083898 1.18162 ];
Pos( 163,:) = [ 1.49993 -0.000115486 1.1819 ];
Pos( 164,:) = [ 1.5001 -0.00318691 1.18024 ];
Pos( 165,:) = [ 1.13061 -0.970004 1.22052 ];
Pos( 166,:) = [ 1.49992 -3.138e-05 1.18198 ];
Pos( 167,:) = [ 1.49982 -0.00327596 1.18281 ];
Pos( 168,:) = [ 1.50002 -0.000130915 1.18104 ];
Pos( 169,:) = [ 1.49996 0.000148528 1.18157 ];
Pos( 170,:) = [ 0.906808 -1.18803 1.22491 ];
Pos( 171,:) = [ 1.50018 -0.000681239 1.17956 ];
Pos( 172,:) = [ 1.49992 0.00165284 1.18199 ];
Pos( 173,:) = [ 1.49988 -0.000696842 1.18232 ];
Pos( 174,:) = [ 1.05984 -1.04793 1.2212 ];
Pos( 175,:) = [ 1.49993 -0.000135642 1.18185 ];
Pos( 176,:) = [ 1.50006 -0.000159355 1.18069 ];
