Pos( 1,:) = [ 1.42285 -0.410069 1.21249 ];
Pos( 2,:) = [ 1.25265 -0.803892 1.21937 ];
Pos( 3,:) = [ 1.39614 -0.504319 1.21579 ];
Pos( 4,:) = [ 1.499 -0.00299292 1.19033 ];
Pos( 5,:) = [ 1.17239 -0.921447 1.22185 ];
Pos( 6,:) = [ 1.49875 -0.000488577 1.19262 ];
Pos( 7,:) = [ 1.49869 -0.00538624 1.19308 ];
Pos( 8,:) = [ 1.49859 9.55844e-05 1.19404 ];
Pos( 9,:) = [ 1.26722 -0.785838 1.22179 ];
Pos( 10,:) = [ 1.49865 -0.000187552 1.1935 ];
Pos( 11,:) = [ 1.43994 -0.342404 1.21188 ];
Pos( 12,:) = [ 0.718536 -1.31399 1.22766 ];
Pos( 13,:) = [ 1.49916 -0.00122346 1.1889 ];
Pos( 14,:) = [ 1.47787 -0.00322239 1.20989 ];
Pos( 15,:) = [ 1.4988 -0.00111226 1.19214 ];
Pos( 16,:) = [ 1.49887 -1.77313e-05 1.1915 ];
Pos( 17,:) = [ 1.49887 -0.000848852 1.19152 ];
Pos( 18,:) = [ 1.49887 -9.50679e-05 1.19154 ];
Pos( 19,:) = [ 1.49903 -0.00120781 1.19005 ];
Pos( 20,:) = [ 1.49892 -0.00174472 1.19104 ];
Pos( 21,:) = [ 1.49891 -0.000256181 1.19115 ];
Pos( 22,:) = [ 1.49909 -0.00165964 1.18953 ];
Pos( 23,:) = [ 1.46937 0.0692854 1.20371 ];
Pos( 24,:) = [ 1.49904 3.7229e-06 1.18996 ];
Pos( 25,:) = [ 1.49904 -0.000531029 1.18997 ];
Pos( 26,:) = [ 1.4991 0.000760372 1.18941 ];
Pos( 27,:) = [ 1.49909 -8.18843e-05 1.18954 ];
Pos( 28,:) = [ 1.49916 -2.2946e-05 1.18888 ];
Pos( 29,:) = [ 1.02783 -1.07707 1.21972 ];
Pos( 30,:) = [ 0.821273 -1.2552 1.22852 ];
Pos( 31,:) = [ 1.43782 -0.320855 1.20567 ];
Pos( 32,:) = [ 1.49915 1.04797e-05 1.18897 ];
Pos( 33,:) = [ 0.837593 -1.23477 1.22265 ];
Pos( 34,:) = [ 1.01175 -1.09963 1.22464 ];
Pos( 35,:) = [ 1.4992 -0.011874 1.18808 ];
Pos( 36,:) = [ 1.49932 -0.000810499 1.18744 ];
Pos( 37,:) = [ 0.88636 -1.20494 1.22605 ];
Pos( 38,:) = [ 1.49935 -0.000292333 1.1871 ];
Pos( 39,:) = [ 1.30783 -0.713761 1.22073 ];
Pos( 40,:) = [ 1.49933 -0.00112224 1.18734 ];
Pos( 41,:) = [ 1.49978 -0.00593903 1.18312 ];
Pos( 42,:) = [ 0.752172 -1.29191 1.22523 ];
Pos( 43,:) = [ 1.49938 -9.92571e-05 1.18688 ];
Pos( 44,:) = [ 1.49961 -0.000269226 1.18476 ];
Pos( 45,:) = [ 1.30274 -0.720717 1.21973 ];
Pos( 46,:) = [ 1.50001 0.00359213 1.18108 ];
Pos( 47,:) = [ 1.24633 -0.818796 1.22191 ];
Pos( 48,:) = [ 1.16208 -0.930009 1.21937 ];
Pos( 49,:) = [ 1.4995 1.98302e-05 1.18573 ];
Pos( 50,:) = [ 1.49919 0.00303535 1.18854 ];
Pos( 51,:) = [ 0.986789 -1.12614 1.22738 ];
Pos( 52,:) = [ 1.28237 -0.770365 1.22617 ];
Pos( 53,:) = [ 1.49967 -0.00224836 1.18417 ];
Pos( 54,:) = [ 1.49929 0.00514632 1.18763 ];
Pos( 55,:) = [ 1.49956 0.000669365 1.18519 ];
Pos( 56,:) = [ 1.49961 -0.000417702 1.18474 ];
Pos( 57,:) = [ 1.03126 -1.07315 1.21931 ];
Pos( 58,:) = [ 0.462928 -1.41972 1.22376 ];
Pos( 59,:) = [ 0.922003 -1.16396 1.2162 ];
Pos( 60,:) = [ 0.98937 -1.12445 1.22777 ];
Pos( 61,:) = [ 1.49964 -0.000136496 1.18452 ];
Pos( 62,:) = [ 1.49968 -0.000206373 1.18416 ];
Pos( 63,:) = [ 1.49964 3.97538e-06 1.18449 ];
Pos( 64,:) = [ 1.50012 -0.00460832 1.18008 ];
Pos( 65,:) = [ 0.717555 -1.31182 1.22552 ];
Pos( 66,:) = [ 0.955673 -1.14518 1.2222 ];
Pos( 67,:) = [ 1.4998 -0.00123293 1.183 ];
Pos( 68,:) = [ 1.50014 -0.00262434 1.17991 ];
Pos( 69,:) = [ 1.50002 0.00551915 1.18098 ];
Pos( 70,:) = [ 1.4997 -0.000238639 1.18394 ];
Pos( 71,:) = [ 1.13367 -0.964894 1.21963 ];
Pos( 72,:) = [ 0.970179 -1.1332 1.2224 ];
Pos( 73,:) = [ 1.49973 -1.00932e-05 1.18371 ];
Pos( 74,:) = [ 1.49985 -0.000395221 1.1826 ];
Pos( 75,:) = [ 0.873124 -1.21416 1.22575 ];
Pos( 76,:) = [ 1.49965 -0.00413309 1.18431 ];
Pos( 77,:) = [ 1.49989 -0.000424248 1.18223 ];
Pos( 78,:) = [ 1.34994 -0.601768 1.21 ];
Pos( 79,:) = [ 1.07454 -1.02115 1.21392 ];
Pos( 80,:) = [ 1.50039 0.00169147 1.17765 ];
Pos( 81,:) = [ 0.971437 -1.13271 1.2228 ];
Pos( 82,:) = [ 1.49987 -0.000528235 1.18238 ];
Pos( 83,:) = [ 1.49998 -8.67951e-05 1.18138 ];
Pos( 84,:) = [ 1.43658 -0.362452 1.21324 ];
Pos( 85,:) = [ 1.50007 -2.15981e-05 1.18062 ];
Pos( 86,:) = [ 1.49993 2.12006e-05 1.18185 ];
Pos( 87,:) = [ 0.990989 -1.11461 1.2221 ];
Pos( 88,:) = [ 0.859797 -1.22231 1.22478 ];
Pos( 89,:) = [ 1.50008 0.000611208 1.1805 ];
Pos( 90,:) = [ 1.49992 -0.000491253 1.18193 ];
Pos( 91,:) = [ -0.980101 -0.279682 1.11613 ];
Pos( 92,:) = [ 1.49995 -0.000216389 1.18164 ];
Pos( 93,:) = [ 1.50006 -0.000498155 1.18064 ];
Pos( 94,:) = [ 0.941311 -1.16361 1.22681 ];
Pos( 95,:) = [ 0.805396 -1.25795 1.22412 ];
Pos( 96,:) = [ 0.751145 -1.29923 1.22779 ];
Pos( 97,:) = [ 0.902635 -1.19812 1.22844 ];
Pos( 98,:) = [ 1.07249 -1.035 1.22121 ];
Pos( 99,:) = [ 1.03218 -1.08127 1.22516 ];
Pos( 100,:) = [ 0.963043 -1.13047 1.21636 ];
Pos( 101,:) = [ 1.50009 2.49001e-05 1.18037 ];
Pos( 102,:) = [ 1.50013 -0.000977256 1.18005 ];
Pos( 103,:) = [ 0.887044 -1.19627 1.22013 ];
Pos( 104,:) = [ 1.1136 -0.99537 1.22405 ];
Pos( 105,:) = [ 0.91332 -1.17908 1.2221 ];
Pos( 106,:) = [ 1.50035 0.000456512 1.17804 ];
Pos( 107,:) = [ 0.954904 -1.14881 1.22427 ];
Pos( 108,:) = [ 1.50009 -0.00192367 1.18043 ];
Pos( 109,:) = [ 0.860136 -1.22216 1.22484 ];
Pos( 110,:) = [ 1.50035 0.00132699 1.17799 ];
Pos( 111,:) = [ 1.50038 -0.000143398 1.17776 ];
Pos( 112,:) = [ 1.50007 -0.000199072 1.18057 ];
Pos( 113,:) = [ 0.963499 -1.14662 1.22772 ];
Pos( 114,:) = [ 1.50047 -0.00168958 1.17692 ];
Pos( 115,:) = [ 1.50023 -2.01568e-05 1.17915 ];
Pos( 116,:) = [ 1.5002 -0.000786647 1.17942 ];
Pos( 117,:) = [ 1.50022 -0.000213717 1.17921 ];
Pos( 118,:) = [ 1.50034 -0.000446106 1.17811 ];
Pos( 119,:) = [ 1.50038 -9.41676e-05 1.1778 ];
Pos( 120,:) = [ 1.50039 -0.000163335 1.17764 ];
Pos( 121,:) = [ 1.24475 -0.805634 1.21425 ];
Pos( 122,:) = [ 1.50055 0.000210394 1.17624 ];
Pos( 123,:) = [ 0.979336 -1.12888 1.22483 ];
Pos( 124,:) = [ 1.06754 -1.01713 1.20686 ];
Pos( 125,:) = [ 0.400431 -1.43758 1.22288 ];
Pos( 126,:) = [ 1.50041 -6.92976e-06 1.17751 ];
Pos( 127,:) = [ 0.832677 -1.2392 1.22347 ];
Pos( 128,:) = [ 1.5005 -0.000261946 1.17666 ];
Pos( 129,:) = [ 1.50065 0.000266759 1.17532 ];
Pos( 130,:) = [ 1.50029 0.00304513 1.17857 ];
Pos( 131,:) = [ 1.50055 -0.00059961 1.17618 ];
Pos( 132,:) = [ 0.872154 -1.20767 1.2205 ];
Pos( 133,:) = [ 1.50048 -8.07378e-05 1.17685 ];
Pos( 134,:) = [ 0.719598 -1.30882 1.22404 ];
Pos( 135,:) = [ 1.50046 -0.000152457 1.177 ];
Pos( 136,:) = [ 1.50049 -6.7321e-05 1.17675 ];
Pos( 137,:) = [ 0.942676 -1.15771 1.22346 ];
Pos( 138,:) = [ 0.934996 -1.16522 1.22438 ];
Pos( 139,:) = [ 1.06908 -1.03716 1.22036 ];
Pos( 140,:) = [ 0.586932 -1.37585 1.22603 ];
Pos( 141,:) = [ 0.891691 -1.19293 1.22023 ];
Pos( 142,:) = [ 1.5006 -0.000203286 1.17575 ];
Pos( 143,:) = [ 1.50016 0.00532403 1.17971 ];
Pos( 144,:) = [ 0.902549 -1.18934 1.22352 ];
Pos( 145,:) = [ 1.50052 -0.000867748 1.17646 ];
Pos( 146,:) = [ 1.50051 4.5302e-05 1.17662 ];
Pos( 147,:) = [ 1.02881 -1.07693 1.22024 ];
Pos( 148,:) = [ 1.50068 -2.4462e-05 1.175 ];
Pos( 149,:) = [ 0.787077 -1.26722 1.22238 ];
Pos( 150,:) = [ 0.353128 -1.45497 1.22729 ];
Pos( 151,:) = [ 1.50064 -9.00817e-05 1.17538 ];
Pos( 152,:) = [ 1.50054 -0.00038204 1.17635 ];
Pos( 153,:) = [ 1.50057 -0.000235823 1.17605 ];
Pos( 154,:) = [ 1.50056 -0.000524095 1.17613 ];
Pos( 155,:) = [ 1.50066 -0.000370858 1.17521 ];
Pos( 156,:) = [ 1.50084 -0.000460117 1.17357 ];
Pos( 157,:) = [ 1.50069 -0.000511833 1.17497 ];
Pos( 158,:) = [ 1.50072 -0.00104762 1.17467 ];
Pos( 159,:) = [ 0.689989 -1.32368 1.22325 ];
Pos( 160,:) = [ 1.50127 -0.0201805 1.16839 ];
Pos( 161,:) = [ 0.749452 -1.29164 1.22379 ];
Pos( 162,:) = [ 1.04718 -1.05246 1.21601 ];
Pos( 163,:) = [ 1.50058 -0.000476708 1.1759 ];
Pos( 164,:) = [ 1.50095 -0.0007763 1.17258 ];
Pos( 165,:) = [ 1.50068 -0.00100388 1.17503 ];
Pos( 166,:) = [ 1.50071 1.0728e-05 1.17473 ];
Pos( 167,:) = [ 1.19566 -0.87554 1.21355 ];
Pos( 168,:) = [ 1.50071 7.54561e-05 1.17478 ];
Pos( 169,:) = [ 0.651228 -1.34391 1.22385 ];
Pos( 170,:) = [ 0.51804 -1.4012 1.2243 ];
Pos( 171,:) = [ 1.50087 -3.49819e-05 1.17327 ];
Pos( 172,:) = [ 1.50086 -0.000748096 1.17337 ];
Pos( 173,:) = [ 1.50092 -9.64578e-05 1.17286 ];
Pos( 174,:) = [ 0.959622 -1.13875 1.22005 ];
Pos( 175,:) = [ 1.15845 -0.904217 1.2024 ];
Pos( 176,:) = [ 1.50074 -0.000481725 1.17445 ];
