Pos( 1,:) = [ 1.4981 -1.40243e-08 1.19849 ];
Pos( 2,:) = [ 1.49822 -1.63211e-08 1.19747 ];
Pos( 3,:) = [ 1.49852 -0.000353936 1.19474 ];
Pos( 4,:) = [ 1.49727 0.00310862 1.19714 ];
Pos( 5,:) = [ 1.49864 -0.00697825 1.19343 ];
Pos( 6,:) = [ 1.49634 -0.0750193 1.19747 ];
Pos( 7,:) = [ 1.49828 -0.0260129 1.19482 ];
Pos( 8,:) = [ 1.49869 -0.00197157 1.19311 ];
Pos( 9,:) = [ 1.497 -0.0646306 1.19581 ];
Pos( 10,:) = [ 1.49873 -0.00563028 1.19269 ];
Pos( 11,:) = [ 1.49568 -0.0895003 1.19624 ];
Pos( 12,:) = [ 1.49746 0.0198547 1.19037 ];
Pos( 13,:) = [ 1.49146 -0.136057 1.19812 ];
Pos( 14,:) = [ 1.49822 -0.0358572 1.19354 ];
Pos( 15,:) = [ 1.49581 -0.05138 1.19463 ];
Pos( 16,:) = [ 1.49666 -0.0764828 1.19385 ];
Pos( 17,:) = [ 1.49422 0.0739473 1.18821 ];
Pos( 18,:) = [ 1.49827 -0.039415 1.19227 ];
Pos( 19,:) = [ 1.49853 -0.036197 1.19059 ];
Pos( 20,:) = [ 1.49907 -0.0040188 1.18962 ];
Pos( 21,:) = [ 1.49847 -0.0368338 1.19107 ];
Pos( 22,:) = [ 1.49907 -0.00390008 1.18961 ];
Pos( 23,:) = [ 1.49775 -0.0569739 1.19183 ];
Pos( 24,:) = [ 1.49913 -0.00316129 1.18916 ];
Pos( 25,:) = [ 1.49659 0.0348381 1.18798 ];
Pos( 26,:) = [ 1.49883 -0.0211195 1.19056 ];
Pos( 27,:) = [ 1.49632 -0.0874315 1.19153 ];
Pos( 28,:) = [ 1.49493 0.0386719 1.18608 ];
Pos( 29,:) = [ 1.49921 -0.000222727 1.18845 ];
Pos( 30,:) = [ 1.49816 -0.0505501 1.19026 ];
Pos( 31,:) = [ 1.49943 -0.00393098 1.18641 ];
Pos( 32,:) = [ 1.49783 0.012548 1.18891 ];
Pos( 33,:) = [ 1.498 -0.0578141 1.18931 ];
Pos( 34,:) = [ 1.49756 -0.0679338 1.1894 ];
Pos( 35,:) = [ 1.49775 -0.0233718 1.18801 ];
Pos( 36,:) = [ 1.47199 0.263569 1.17851 ];
Pos( 37,:) = [ 1.49575 -0.0967151 1.1915 ];
Pos( 38,:) = [ 1.49576 -0.0997096 1.18963 ];
Pos( 39,:) = [ 1.49968 -0.00681586 1.18396 ];
Pos( 40,:) = [ 1.49835 -0.0257878 1.18746 ];
Pos( 41,:) = [ 1.49499 0.0639757 1.18476 ];
Pos( 42,:) = [ 1.49946 -0.00193096 1.18617 ];
Pos( 43,:) = [ 1.49648 0.060205 1.18511 ];
Pos( 44,:) = [ 1.49833 -0.0530421 1.1879 ];
Pos( 45,:) = [ 1.49811 -0.0383561 1.186 ];
Pos( 46,:) = [ 1.49855 -0.0458422 1.18807 ];
Pos( 47,:) = [ 1.49936 -0.0189633 1.18599 ];
Pos( 48,:) = [ 1.49696 0.0514465 1.18379 ];
Pos( 49,:) = [ 1.49974 -0.0023543 1.18357 ];
Pos( 50,:) = [ 1.49736 -0.056206 1.18889 ];
Pos( 51,:) = [ 1.49571 -0.105675 1.18637 ];
Pos( 52,:) = [ 1.49981 -0.00214074 1.18294 ];
Pos( 53,:) = [ 1.49644 -0.0931357 1.1873 ];
Pos( 54,:) = [ 1.49911 -0.0174399 1.1851 ];
Pos( 55,:) = [ 1.49843 -0.0282346 1.18596 ];
Pos( 56,:) = [ 1.49522 -0.108149 1.18919 ];
Pos( 57,:) = [ 1.48933 0.139742 1.18103 ];
Pos( 58,:) = [ 1.49183 0.105087 1.18068 ];
Pos( 59,:) = [ 1.49699 -0.0847039 1.1868 ];
Pos( 60,:) = [ 1.4997 5.60353e-06 1.18399 ];
Pos( 61,:) = [ 1.49231 0.123837 1.17962 ];
Pos( 62,:) = [ 1.49885 -0.0086829 1.18388 ];
Pos( 63,:) = [ 1.49987 -0.00124408 1.18241 ];
Pos( 64,:) = [ 1.49956 -0.0125474 1.18475 ];
Pos( 65,:) = [ 1.49817 0.0292978 1.18255 ];
Pos( 66,:) = [ 1.49991 -0.00162317 1.18208 ];
Pos( 67,:) = [ 1.49883 0.000361466 1.18368 ];
Pos( 68,:) = [ 1.49915 0.00246353 1.18272 ];
Pos( 69,:) = [ 1.49864 0.0209806 1.18002 ];
Pos( 70,:) = [ 1.49987 -0.00435489 1.18233 ];
Pos( 71,:) = [ 1.49838 -0.0603397 1.18493 ];
Pos( 72,:) = [ 1.49384 0.0999465 1.17897 ];
Pos( 73,:) = [ 1.49918 -0.0384199 1.18425 ];
Pos( 74,:) = [ 1.49786 0.0260333 1.18153 ];
Pos( 75,:) = [ 1.49808 -0.0344875 1.18515 ];
Pos( 76,:) = [ 1.49913 -0.0152593 1.18235 ];
Pos( 77,:) = [ 1.49995 -0.00226008 1.18162 ];
Pos( 78,:) = [ 1.49698 -0.0529928 1.18304 ];
Pos( 79,:) = [ 1.49537 0.094059 1.17925 ];
Pos( 80,:) = [ 1.49424 -0.12051 1.18491 ];
Pos( 81,:) = [ 1.4966 -0.0975467 1.1833 ];
Pos( 82,:) = [ 1.50008 -0.000110582 1.18052 ];
Pos( 83,:) = [ 1.49978 -0.0180499 1.18182 ];
Pos( 84,:) = [ 1.5001 0.00343777 1.1803 ];
Pos( 85,:) = [ 1.49851 -0.0608015 1.18358 ];
Pos( 86,:) = [ 1.48886 0.149879 1.1759 ];
Pos( 87,:) = [ 1.50024 -0.00236866 1.17906 ];
Pos( 88,:) = [ 1.49725 -0.00856245 1.1807 ];
Pos( 89,:) = [ 1.50027 -0.00263803 1.1787 ];
Pos( 90,:) = [ 1.4955 0.0748542 1.17799 ];
Pos( 91,:) = [ 1.49686 0.049957 1.17916 ];
Pos( 92,:) = [ 1.50009 0.00140202 1.18035 ];
Pos( 93,:) = [ 1.50007 -0.00412266 1.18052 ];
Pos( 94,:) = [ 1.49899 -0.0478033 1.18346 ];
Pos( 95,:) = [ 1.50005 -0.0119952 1.18032 ];
Pos( 96,:) = [ 1.49898 -0.0583985 1.18014 ];
Pos( 97,:) = [ 1.50011 0.00135268 1.18025 ];
Pos( 98,:) = [ 1.49998 -0.015461 1.18065 ];
Pos( 99,:) = [ 1.49823 -0.0712056 1.18193 ];
Pos( 100,:) = [ 1.47937 0.222385 1.17309 ];
Pos( 101,:) = [ 1.49994 -0.0211325 1.18044 ];
Pos( 102,:) = [ 1.49893 -0.0586434 1.18053 ];
Pos( 103,:) = [ 1.50004 -0.00354794 1.18007 ];
Pos( 104,:) = [ 1.50031 2.62525e-05 1.17841 ];
Pos( 105,:) = [ 1.49974 -0.00325342 1.17816 ];
Pos( 106,:) = [ 1.49783 -0.0116969 1.18034 ];
Pos( 107,:) = [ 1.49571 0.0950245 1.17552 ];
Pos( 108,:) = [ 1.49865 -0.0655187 1.18045 ];
Pos( 109,:) = [ 1.49898 -0.0292841 1.18036 ];
Pos( 110,:) = [ 1.50047 0.000919101 1.17693 ];
Pos( 111,:) = [ 1.49949 -0.0423886 1.18042 ];
Pos( 112,:) = [ 1.49977 -0.0376924 1.17903 ];
Pos( 113,:) = [ 1.49781 -0.0846757 1.17939 ];
Pos( 114,:) = [ 1.49666 -0.100091 1.18117 ];
Pos( 115,:) = [ 1.49982 -0.0319017 1.17977 ];
Pos( 116,:) = [ 1.49975 -0.0393827 1.17881 ];
Pos( 117,:) = [ 1.50053 4.72398e-05 1.17637 ];
Pos( 118,:) = [ 1.50045 -0.00180712 1.1771 ];
Pos( 119,:) = [ 1.49898 -0.0105136 1.17824 ];
Pos( 120,:) = [ 1.49612 0.067804 1.17589 ];
Pos( 121,:) = [ 1.49748 0.0655059 1.17598 ];
Pos( 122,:) = [ 1.49983 -0.03797 1.17835 ];
Pos( 123,:) = [ 1.50028 -0.0135991 1.17812 ];
Pos( 124,:) = [ 1.49558 0.0950194 1.17429 ];
Pos( 125,:) = [ 1.49598 0.0679838 1.17588 ];
Pos( 126,:) = [ 1.49997 -0.0316862 1.1784 ];
Pos( 127,:) = [ 1.50065 -0.00135387 1.17528 ];
Pos( 128,:) = [ 1.4995 -0.0488169 1.17851 ];
Pos( 129,:) = [ 1.49922 -0.0549694 1.17918 ];
Pos( 130,:) = [ 1.49843 0.0222929 1.17682 ];
Pos( 131,:) = [ 1.49134 0.128444 1.17461 ];
Pos( 132,:) = [ 1.49939 -0.0413426 1.17673 ];
Pos( 133,:) = [ 1.4965 -0.0908096 1.1781 ];
Pos( 134,:) = [ 1.48941 0.160928 1.17077 ];
Pos( 135,:) = [ 1.50055 -0.000853529 1.17621 ];
Pos( 136,:) = [ 1.50039 -0.024612 1.17581 ];
Pos( 137,:) = [ 1.50004 -0.0138685 1.17804 ];
Pos( 138,:) = [ 1.50062 -0.00242697 1.17556 ];
Pos( 139,:) = [ 1.49997 -0.0398266 1.17665 ];
Pos( 140,:) = [ 1.50077 0.000903499 1.17419 ];
Pos( 141,:) = [ 1.50014 -0.0316386 1.17692 ];
Pos( 142,:) = [ 1.50082 -0.00205 1.17375 ];
Pos( 143,:) = [ 1.49763 0.0417841 1.1753 ];
Pos( 144,:) = [ 1.47223 0.267457 1.16771 ];
Pos( 145,:) = [ 1.50052 0.000677567 1.17649 ];
Pos( 146,:) = [ 1.49827 -0.0313358 1.17742 ];
Pos( 147,:) = [ 1.49921 -0.0592536 1.17771 ];
Pos( 148,:) = [ 1.49543 0.0792715 1.17308 ];
Pos( 149,:) = [ 1.49604 -0.108335 1.1781 ];
Pos( 150,:) = [ 1.50092 -0.00174823 1.17282 ];
Pos( 151,:) = [ 1.50088 -0.00302977 1.1732 ];
Pos( 152,:) = [ 1.50038 -0.0280861 1.17534 ];
Pos( 153,:) = [ 1.49733 -0.0948721 1.17821 ];
Pos( 154,:) = [ 1.4992 -0.0618251 1.17692 ];
Pos( 155,:) = [ 1.50075 -0.00259363 1.17433 ];
Pos( 156,:) = [ 1.49906 -0.0451796 1.17671 ];
Pos( 157,:) = [ 1.50081 -0.00232627 1.17385 ];
Pos( 158,:) = [ 1.49939 0.0182764 1.17421 ];
Pos( 159,:) = [ 1.50063 -0.0148219 1.1748 ];
Pos( 160,:) = [ 1.5012 0.00352493 1.17028 ];
Pos( 161,:) = [ 1.50083 -0.000981248 1.17369 ];
Pos( 162,:) = [ 1.49837 -0.0368711 1.17435 ];
Pos( 163,:) = [ 1.50072 -0.0139778 1.17407 ];
Pos( 164,:) = [ 1.49745 -0.0947479 1.17714 ];
Pos( 165,:) = [ 1.49355 0.122031 1.17008 ];
Pos( 166,:) = [ 1.49539 -0.107438 1.17546 ];
Pos( 167,:) = [ 1.50008 -0.0421098 1.17509 ];
Pos( 168,:) = [ 1.50088 -0.000701241 1.17318 ];
Pos( 169,:) = [ 1.49979 -0.0537861 1.17433 ];
Pos( 170,:) = [ 1.50063 -0.020661 1.17422 ];
Pos( 171,:) = [ 1.49344 0.102656 1.16779 ];
Pos( 172,:) = [ 1.49868 -0.00122988 1.1734 ];
Pos( 173,:) = [ 1.50058 -0.025371 1.17399 ];
Pos( 174,:) = [ 1.50103 -0.000963718 1.17184 ];
Pos( 175,:) = [ 1.50005 -0.0320635 1.17406 ];
Pos( 176,:) = [ 1.49723 -0.100825 1.17553 ];
Pos( 177,:) = [ 1.49779 -0.0908019 1.17626 ];
