Pos( 1,:) = [ 1.49906 0.000947715 1.15163 ];
