Pos( 1,:) = [ -2.54016e-05 2.17495e-06 0 ];
Pos( 2,:) = [ 1.25916e-06 7.8649e-06 -2e-06 ];
Pos( 3,:) = [ -2.49756e-05 -1.59668e-05 5.68434e-14 ];
Pos( 4,:) = [ -2.34353e-06 1.89258e-05 0 ];
Pos( 5,:) = [ 2.65552e-05 -2.50277e-05 0 ];
Pos( 6,:) = [ 5.48375e-06 8.07027e-06 -2e-06 ];
Pos( 7,:) = [ 7.74422e-06 1.64041e-05 0.00700574 ];
Pos( 8,:) = [ -2.04038e-05 -1.61719e-05 0 ];
Pos( 9,:) = [ 1.35074e-06 2.39934e-05 0 ];
Pos( 10,:) = [ 6.23842e-07 2.37447e-06 -2e-06 ];
Pos( 11,:) = [ 2.42377e-05 -5.93114e-06 0 ];
Pos( 12,:) = [ -2.15525e-06 -1.22223e-05 -2e-06 ];
Pos( 13,:) = [ -2.00595e-05 1.12932e-06 0 ];
Pos( 14,:) = [ 1.1317e-05 -1.5e-05 -8.51109e-07 ];
Pos( 15,:) = [ -2.53078e-05 -2.02239e-05 1.13687e-13 ];
Pos( 16,:) = [ 9.94311e-06 -1.93354e-05 -5.68434e-14 ];
Pos( 17,:) = [ -2.03291e-05 -5.36695e-06 0 ];
Pos( 18,:) = [ -1.88497e-05 -2.2091e-05 0 ];
Pos( 19,:) = [ 8.77365e-06 7.63072e-06 -2e-06 ];
Pos( 20,:) = [ -5.74767e-06 -1.27143e-05 -2e-06 ];
Pos( 21,:) = [ -1.74561e-05 -1.90672e-05 -1.42109e-14 ];
Pos( 22,:) = [ 1.29529e-05 8.44619e-06 -2e-06 ];
Pos( 23,:) = [ -2.07954e-05 1.54396e-05 -5.68434e-14 ];
Pos( 24,:) = [ 1.51193e-05 -7.10798e-06 0 ];
Pos( 25,:) = [ -6.82777e-06 1.49121e-05 -2e-06 ];
Pos( 26,:) = [ -2.60543e-05 -2.49093e-05 1.13687e-13 ];
Pos( 27,:) = [ 8.37146e-06 -1.83317e-05 1.13687e-13 ];
Pos( 28,:) = [ -1.53438e-05 -5.97125e-06 0 ];
Pos( 29,:) = [ 8.59951e-06 -2.00225e-05 0 ];
Pos( 30,:) = [ -1.55182e-05 1.26281e-05 0 ];
Pos( 31,:) = [ 1.39774e-05 -1.5e-05 -5.04664e-07 ];
Pos( 32,:) = [ -2.37871e-05 1.09188e-05 2.27374e-13 ];
Pos( 33,:) = [ 1.99728e-05 -1.07047e-05 -2.27374e-13 ];
Pos( 34,:) = [ -2.5189e-05 1.21271e-05 0.00690081 ];
Pos( 35,:) = [ 8.52853e-06 9.28121e-06 -2e-06 ];
Pos( 36,:) = [ -5.15758e-06 1.14162e-05 -2e-06 ];
Pos( 37,:) = [ -3.25613e-06 -1.5e-05 -2.90067e-07 ];
Pos( 38,:) = [ -9.02573e-06 -2.98584e-05 0.00482087 ];
Pos( 39,:) = [ -9.46138e-06 1.00017e-05 -2e-06 ];
Pos( 40,:) = [ -6.67058e-06 -1.07199e-05 -2e-06 ];
Pos( 41,:) = [ 1.51308e-05 -6.4274e-06 0 ];
Pos( 42,:) = [ 1.82911e-05 2.2425e-05 0 ];
Pos( 43,:) = [ 1.5e-05 8.46465e-06 -1.41379e-08 ];
Pos( 44,:) = [ 2.08243e-05 2.13535e-05 0 ];
Pos( 45,:) = [ -2.70406e-05 -2.15652e-05 0 ];
Pos( 46,:) = [ -1.6874e-05 -4.06639e-06 -2.27374e-13 ];
Pos( 47,:) = [ -1.17565e-05 1.5e-05 -1.49688e-06 ];
Pos( 48,:) = [ -1.42787e-05 -2.30875e-05 0 ];
Pos( 49,:) = [ -8.92683e-06 -1.15622e-05 -2e-06 ];
Pos( 50,:) = [ -2.12005e-05 -7.23185e-06 0.00837446 ];
Pos( 51,:) = [ 1.11433e-05 -1.5e-05 -8.19785e-07 ];
Pos( 52,:) = [ 3.18657e-07 1.04425e-05 -2e-06 ];
Pos( 53,:) = [ -2.69427e-05 1.51659e-05 0 ];
Pos( 54,:) = [ -1.3837e-05 2.17148e-05 0 ];
Pos( 55,:) = [ -1.70043e-05 5.89674e-06 0 ];
Pos( 56,:) = [ 1.2552e-05 -2.05284e-05 1.13687e-13 ];
Pos( 57,:) = [ 2.17e-05 2.73821e-06 0 ];
Pos( 58,:) = [ 1.46076e-05 1.5e-05 -1.40756e-06 ];
Pos( 59,:) = [ -2.33909e-05 -1.05035e-05 1.13687e-13 ];
Pos( 60,:) = [ 1.6906e-07 -1.5e-05 -8.22039e-07 ];
Pos( 61,:) = [ -1.85813e-05 -5.19184e-06 0 ];
Pos( 62,:) = [ -1.05043e-05 -1.64643e-06 -2e-06 ];
Pos( 63,:) = [ 1.5e-05 8.09363e-06 -3.49449e-07 ];
Pos( 64,:) = [ 1.51948e-05 1.5203e-05 0 ];
Pos( 65,:) = [ 1.58557e-05 1.88978e-05 2.84217e-14 ];
Pos( 66,:) = [ 2.70736e-05 1.17479e-05 0.00720192 ];
Pos( 67,:) = [ 1.5e-05 4.85509e-06 -1.50508e-06 ];
Pos( 68,:) = [ -1.42653e-05 1.98694e-05 0 ];
Pos( 69,:) = [ -7.21757e-06 -8.20452e-06 -2e-06 ];
Pos( 70,:) = [ -1.94456e-05 -1.72727e-05 0.0041874 ];
Pos( 71,:) = [ 7.23251e-07 -9.38366e-06 -2e-06 ];
Pos( 72,:) = [ 3.17488e-06 -2.41568e-05 0.0042982 ];
Pos( 73,:) = [ 2.13926e-05 8.07904e-06 0 ];
Pos( 74,:) = [ -1.59674e-05 5.57659e-06 3.55271e-15 ];
Pos( 75,:) = [ -2.1075e-05 -2.19711e-05 -1.13687e-13 ];
Pos( 76,:) = [ -9.22462e-06 5.71972e-06 -2e-06 ];
Pos( 77,:) = [ -2.63814e-05 6.46613e-06 0.000615799 ];
Pos( 78,:) = [ 1.30094e-05 2.2325e-05 0.00770612 ];
Pos( 79,:) = [ 1.48677e-05 -2.08234e-05 0 ];
Pos( 80,:) = [ -8.78213e-06 -1.27074e-05 -2e-06 ];
Pos( 81,:) = [ -1.4227e-05 -3.67783e-06 -2e-06 ];
Pos( 82,:) = [ 8.64233e-06 5.14481e-06 -2e-06 ];
Pos( 83,:) = [ 2.04862e-05 1.71736e-05 0 ];
Pos( 84,:) = [ 1.43539e-05 -1.34595e-05 -2e-06 ];
Pos( 85,:) = [ 2.04189e-05 1.86702e-05 4.54747e-13 ];
Pos( 86,:) = [ 1.89111e-05 1.22764e-05 0.000485343 ];
Pos( 87,:) = [ 8.60637e-06 -1.83561e-05 0 ];
Pos( 88,:) = [ -1.15176e-05 -1.5e-05 -1.32987e-06 ];
Pos( 89,:) = [ -1.35231e-05 -1.94305e-05 -5.68434e-14 ];
Pos( 90,:) = [ -2.51184e-05 -1.92914e-05 1.42109e-14 ];
Pos( 91,:) = [ -1.94226e-06 -2.37635e-05 0 ];
Pos( 92,:) = [ 1.42566e-05 -1.5e-05 -1.17849e-06 ];
Pos( 93,:) = [ -1.21962e-06 1.55268e-05 2.27374e-13 ];
Pos( 94,:) = [ -1.30202e-05 -1.9234e-05 0 ];
Pos( 95,:) = [ 2.03808e-05 -8.69913e-07 0 ];
Pos( 96,:) = [ -4.13779e-08 -2.08143e-05 1.13687e-13 ];
Pos( 97,:) = [ 9.59961e-06 -7.29121e-06 -2e-06 ];
Pos( 98,:) = [ 8.47115e-06 3.5151e-06 -2e-06 ];
Pos( 99,:) = [ -2.79882e-05 -1.72249e-05 0 ];
Pos( 100,:) = [ -6.57789e-06 -2.07441e-05 0.00120872 ];
