Pos( 1,:) = [ -0.0656083 0.10162 0.0407621 ];
Pos( 2,:) = [ 0.07831 0.123766 0.024227 ];
Pos( 3,:) = [ 0.0415446 0.119797 0.0256119 ];
Pos( 4,:) = [ -0.145115 0.126036 0.0380419 ];
Pos( 5,:) = [ 0.236298 0.118382 0.0285127 ];
Pos( 6,:) = [ -0.0576823 0.105397 0.0288678 ];
Pos( 7,:) = [ -0.0682724 0.112546 0.0415317 ];
Pos( 8,:) = [ -0.166296 0.11081 0.0449132 ];
Pos( 9,:) = [ -0.214754 0.105108 0.0425395 ];
Pos( 10,:) = [ -0.102197 0.121385 0.0272197 ];
Pos( 11,:) = [ 0.0536273 0.101858 0.0289084 ];
Pos( 12,:) = [ -0.0797108 0.102954 0.0345218 ];
Pos( 13,:) = [ -0.120882 0.124453 0.0303223 ];
Pos( 14,:) = [ 0.0930856 0.108228 0.0378312 ];
Pos( 15,:) = [ 0.0905607 0.113329 0.0206128 ];
Pos( 16,:) = [ 0.147923 0.104648 0.0347613 ];
Pos( 17,:) = [ 0.177626 0.110564 0.0324969 ];
Pos( 18,:) = [ 0.0994092 0.108052 0.0270527 ];
Pos( 19,:) = [ 0.00843956 0.103003 0.0292705 ];
Pos( 20,:) = [ -0.031759 0.107899 0.0386341 ];
Pos( 21,:) = [ -0.13935 0.11199 0.0393529 ];
Pos( 22,:) = [ -0.0215572 0.105718 0.0455972 ];
Pos( 23,:) = [ 0.212608 0.0995016 0.0481615 ];
Pos( 24,:) = [ 0.0315074 0.110548 0.0311186 ];
Pos( 25,:) = [ 0.132579 0.114242 0.0245109 ];
Pos( 26,:) = [ 0.159346 0.105005 0.0181939 ];
Pos( 27,:) = [ 0.329088 0.114188 0.0257152 ];
Pos( 28,:) = [ -0.175448 0.105392 0.0317916 ];
Pos( 29,:) = [ 0.138733 0.104938 0.0266331 ];
Pos( 30,:) = [ -0.00304745 0.114184 0.0275646 ];
Pos( 31,:) = [ 0.0530843 0.102274 0.0299934 ];
Pos( 32,:) = [ -0.0135789 0.131518 0.0414626 ];
Pos( 33,:) = [ 0.153683 0.111742 0.0316245 ];
Pos( 34,:) = [ 0.0885146 0.120256 0.0342756 ];
Pos( 35,:) = [ 0.147098 0.123095 0.0206172 ];
Pos( 36,:) = [ -0.112071 0.119433 0.0397842 ];
Pos( 37,:) = [ -0.0585814 0.112612 0.0426807 ];
Pos( 38,:) = [ 0.047626 0.117167 0.0372802 ];
Pos( 39,:) = [ 0.186831 0.113545 0.0346638 ];
Pos( 40,:) = [ -0.0318062 0.120826 0.0425977 ];
Pos( 41,:) = [ -0.136407 0.099113 0.0322587 ];
Pos( 42,:) = [ -0.0281933 0.0962476 0.0345061 ];
Pos( 43,:) = [ -0.0977763 0.0962748 0.0300311 ];
Pos( 44,:) = [ 0.148474 0.100865 0.0352681 ];
Pos( 45,:) = [ 0.152015 0.113716 0.0227538 ];
Pos( 46,:) = [ -0.140917 0.111279 0.039715 ];
Pos( 47,:) = [ 0.194045 0.097028 0.0262387 ];
Pos( 48,:) = [ -0.147557 0.103773 0.0247891 ];
Pos( 49,:) = [ -0.1456 0.106957 0.0437002 ];
Pos( 50,:) = [ -0.139954 0.101196 0.0355918 ];
Pos( 51,:) = [ -0.100215 0.0975869 0.0295729 ];
Pos( 52,:) = [ 0.22127 0.0944599 0.0297185 ];
Pos( 53,:) = [ 0.151819 0.117541 0.0274345 ];
Pos( 54,:) = [ 0.0217243 0.108079 0.0388141 ];
Pos( 55,:) = [ 0.25224 0.111845 0.040641 ];
Pos( 56,:) = [ -0.0138665 0.11859 0.0390791 ];
Pos( 57,:) = [ -0.114372 0.0949077 0.0294348 ];
Pos( 58,:) = [ 0.0323164 0.10375 0.0409341 ];
Pos( 59,:) = [ 0.0278952 0.124427 0.0270876 ];
Pos( 60,:) = [ -0.118612 0.115752 0.0560102 ];
Pos( 61,:) = [ 0.0192336 0.110438 0.0332127 ];
Pos( 62,:) = [ -0.186839 0.113379 0.0331011 ];
Pos( 63,:) = [ -0.0996725 0.105159 0.0367438 ];
Pos( 64,:) = [ -0.148679 0.116662 0.0343522 ];
Pos( 65,:) = [ -0.0580106 0.119792 0.0325545 ];
Pos( 66,:) = [ 0.192679 0.114336 0.0299853 ];
Pos( 67,:) = [ -0.088989 0.107477 0.0357463 ];
Pos( 68,:) = [ -0.023788 0.101496 0.0278118 ];
Pos( 69,:) = [ -0.092071 0.110955 0.045763 ];
Pos( 70,:) = [ 0.278118 0.11178 0.0323397 ];
Pos( 71,:) = [ 0.205555 0.0861982 0.0259021 ];
Pos( 72,:) = [ 0.0755022 0.112017 0.0284097 ];
Pos( 73,:) = [ -0.0447995 0.0933947 0.0398201 ];
Pos( 74,:) = [ -0.210228 0.114275 0.0384073 ];
Pos( 75,:) = [ 0.0874627 0.106263 0.0337742 ];
Pos( 76,:) = [ 0.0548041 0.107878 0.0340883 ];
Pos( 77,:) = [ 0.079194 0.105639 0.0330514 ];
Pos( 78,:) = [ 0.181804 0.101555 0.0352297 ];
Pos( 79,:) = [ -0.0679682 0.109041 0.0426653 ];
Pos( 80,:) = [ 0.115715 0.107927 0.0221665 ];
Pos( 81,:) = [ 0.0473316 0.114943 0.0251069 ];
Pos( 82,:) = [ 0.134742 0.105452 0.0312162 ];
Pos( 83,:) = [ 0.189519 0.101759 0.0260394 ];
Pos( 84,:) = [ -0.00512357 0.118267 0.0288741 ];
Pos( 85,:) = [ -0.273646 0.103019 0.0380839 ];
Pos( 86,:) = [ 0.290861 0.11194 0.0297309 ];
Pos( 87,:) = [ 0.11639 0.114611 0.0384447 ];
Pos( 88,:) = [ 0.281863 0.11209 0.0237469 ];
Pos( 89,:) = [ -0.0645728 0.116824 0.0463398 ];
Pos( 90,:) = [ -0.0522583 0.10618 0.0433023 ];
Pos( 91,:) = [ 0.215115 0.0996955 0.0241753 ];
Pos( 92,:) = [ -0.0256942 0.105612 0.0402981 ];
Pos( 93,:) = [ 0.0360544 0.119331 0.0379719 ];
Pos( 94,:) = [ -0.307165 0.10832 0.0347352 ];
Pos( 95,:) = [ 0.0307657 0.122023 0.028927 ];
Pos( 96,:) = [ -0.132723 0.11045 0.0287694 ];
Pos( 97,:) = [ -0.138834 0.124964 0.0397007 ];
Pos( 98,:) = [ -0.0871974 0.115272 0.0294267 ];
Pos( 99,:) = [ 0.243739 0.095118 0.0136236 ];
Pos( 100,:) = [ 0.0276443 0.100515 0.0343258 ];
Pos( 101,:) = [ -0.124373 0.101816 0.0519586 ];
Pos( 102,:) = [ 0.0831382 0.0990574 0.0255124 ];
Pos( 103,:) = [ -0.0315891 0.102482 0.0371505 ];
Pos( 104,:) = [ 0.0102261 0.127836 0.0442875 ];
Pos( 105,:) = [ -0.132123 0.102576 0.0407501 ];
Pos( 106,:) = [ 0.00156876 0.109082 0.0352176 ];
Pos( 107,:) = [ 0.18356 0.114384 0.0436096 ];
Pos( 108,:) = [ -0.0739077 0.0861765 0.0367228 ];
Pos( 109,:) = [ 0.0323641 0.112959 0.029788 ];
Pos( 110,:) = [ 0.0981111 0.0987955 0.0359481 ];
Pos( 111,:) = [ 0.130401 0.117427 0.0280945 ];
Pos( 112,:) = [ 0.225778 0.0959327 0.0281408 ];
Pos( 113,:) = [ -0.05318 0.11355 0.0346068 ];
Pos( 114,:) = [ 0.236295 0.0924703 0.0361514 ];
Pos( 115,:) = [ 0.203545 0.11205 0.0414754 ];
Pos( 116,:) = [ 0.0313718 0.0963773 0.0383026 ];
Pos( 117,:) = [ -0.0139201 0.119105 0.0414451 ];
Pos( 118,:) = [ 0.00681979 0.110501 0.0361913 ];
Pos( 119,:) = [ 0.0837631 0.112672 0.0479739 ];
Pos( 120,:) = [ 0.180804 0.119097 0.0431346 ];
Pos( 121,:) = [ -0.00245168 0.120373 0.0324132 ];
Pos( 122,:) = [ -0.00987831 0.114604 0.0347397 ];
Pos( 123,:) = [ 0.163239 0.119676 0.0325474 ];
Pos( 124,:) = [ 0.11186 0.11889 0.0255514 ];
Pos( 125,:) = [ 0.161074 0.112047 0.0204852 ];
Pos( 126,:) = [ 0.0255013 0.113354 0.0255067 ];
Pos( 127,:) = [ 0.0191346 0.0892804 0.0377107 ];
Pos( 128,:) = [ -0.12364 0.109919 0.0347146 ];
Pos( 129,:) = [ 0.0646819 0.117628 0.037536 ];
Pos( 130,:) = [ 0.0941771 0.120363 0.0433304 ];
Pos( 131,:) = [ 0.161626 0.108115 0.0287892 ];
Pos( 132,:) = [ 0.0606888 0.112046 0.0355304 ];
Pos( 133,:) = [ 0.250167 0.103404 0.0310225 ];
Pos( 134,:) = [ 0.0539292 0.101546 0.0313869 ];
Pos( 135,:) = [ -0.0542819 0.122044 0.0312065 ];
Pos( 136,:) = [ 0.0232335 0.113578 0.0250175 ];
Pos( 137,:) = [ -0.103812 0.0985309 0.0351353 ];
Pos( 138,:) = [ -0.231162 0.107177 0.0450287 ];
Pos( 139,:) = [ 0.227585 0.110107 0.027545 ];
Pos( 140,:) = [ 0.137829 0.105272 0.0211894 ];
Pos( 141,:) = [ 0.0516593 0.125185 0.0314299 ];
Pos( 142,:) = [ -0.0898952 0.11491 0.0282499 ];
Pos( 143,:) = [ 0.054831 0.106704 0.00814984 ];
Pos( 144,:) = [ 0.0764376 0.100342 0.0398278 ];
Pos( 145,:) = [ 0.0668232 0.0957136 0.0368631 ];
Pos( 146,:) = [ -0.110841 0.102438 0.0344489 ];
Pos( 147,:) = [ -0.145074 0.119231 0.044758 ];
Pos( 148,:) = [ -0.0308531 0.124478 0.0396498 ];
Pos( 149,:) = [ -0.0904023 0.116936 0.0387365 ];
Pos( 150,:) = [ -0.360232 0.109457 0.0311587 ];
Pos( 151,:) = [ 0.140075 0.112357 0.0269191 ];
Pos( 152,:) = [ 0.00134399 0.10907 0.0352257 ];
Pos( 153,:) = [ -0.0562301 0.11476 0.0439894 ];
Pos( 154,:) = [ -0.0675594 0.116684 0.0451345 ];
Pos( 155,:) = [ 0.0825384 0.119042 0.0391194 ];
Pos( 156,:) = [ -0.0162925 0.111356 0.0333782 ];
Pos( 157,:) = [ -0.128157 0.117217 0.0374549 ];
Pos( 158,:) = [ -0.169624 0.111252 0.0314568 ];
Pos( 159,:) = [ 0.119786 0.108171 0.0254102 ];
Pos( 160,:) = [ 0.127311 0.120008 0.0291412 ];
Pos( 161,:) = [ -0.0701314 0.1204 0.0377749 ];
Pos( 162,:) = [ 0.161563 0.117362 0.0399792 ];
Pos( 163,:) = [ 0.0223851 0.116693 0.03218 ];
Pos( 164,:) = [ -0.194323 0.113214 0.0391502 ];
Pos( 165,:) = [ -0.055181 0.105055 0.0252355 ];
Pos( 166,:) = [ -0.0994586 0.0994288 0.0194493 ];
Pos( 167,:) = [ -0.031602 0.0945201 0.0354387 ];
Pos( 168,:) = [ 0.200485 0.111244 0.0225677 ];
Pos( 169,:) = [ 0.0390626 0.0905454 0.0354608 ];
