Pos( 1,:) = [ 2.27279 0 -0.704424 ];
Pos( 2,:) = [ 2.27605 0 -0.705739 ];
Pos( 3,:) = [ 2.29942 0 -0.715168 ];
Pos( 4,:) = [ 2.30478 0 -0.717331 ];
Pos( 5,:) = [ 2.27567 0 -0.705584 ];
Pos( 6,:) = [ 2.31721 0 -0.722345 ];
Pos( 7,:) = [ 2.30298 0 -0.716603 ];
Pos( 8,:) = [ 2.28932 0 -0.711094 ];
Pos( 9,:) = [ 2.31142 0 -0.720006 ];
Pos( 10,:) = [ 2.28874 0 -0.71086 ];
Pos( 11,:) = [ 2.29774 0 -0.714488 ];
Pos( 12,:) = [ 2.28585 0 -0.709692 ];
Pos( 13,:) = [ 2.27785 0 -0.706464 ];
Pos( 14,:) = [ 2.28529 0 -0.709465 ];
Pos( 15,:) = [ 2.26621 0 -0.701768 ];
Pos( 16,:) = [ 2.30744 0 -0.718404 ];
Pos( 17,:) = [ 2.28191 0 -0.708101 ];
Pos( 18,:) = [ 2.28983 0 -0.711298 ];
Pos( 19,:) = [ 2.28012 0 -0.707379 ];
Pos( 20,:) = [ 2.30911 0 -0.719077 ];
Pos( 21,:) = [ 2.28145 0 -0.707916 ];
Pos( 22,:) = [ 2.30098 0 -0.715796 ];
Pos( 23,:) = [ 2.30637 0 -0.717972 ];
Pos( 24,:) = [ 2.31866 0 -0.722931 ];
Pos( 25,:) = [ 2.30656 0 -0.718049 ];
Pos( 26,:) = [ 2.2776 0 -0.706365 ];
Pos( 27,:) = [ 2.31393 0 -0.72102 ];
Pos( 28,:) = [ 2.3186 0 -0.722903 ];
Pos( 29,:) = [ 2.27627 0 -0.70583 ];
Pos( 30,:) = [ 2.30442 0 -0.717184 ];
Pos( 31,:) = [ 2.29872 0 -0.714883 ];
Pos( 32,:) = [ 2.30728 0 -0.718337 ];
Pos( 33,:) = [ 2.31868 0 -0.722935 ];
Pos( 34,:) = [ 2.27396 0 -0.704898 ];
Pos( 35,:) = [ 2.27526 0 -0.705419 ];
Pos( 36,:) = [ 2.29979 0 -0.715317 ];
Pos( 37,:) = [ 2.3048 0 -0.717338 ];
Pos( 38,:) = [ 2.32637 0 -0.726041 ];
Pos( 39,:) = [ 2.28771 0 -0.710442 ];
Pos( 40,:) = [ 2.28556 0 -0.709577 ];
Pos( 41,:) = [ 2.29698 0 -0.714184 ];
Pos( 42,:) = [ 2.28228 0 -0.708254 ];
Pos( 43,:) = [ 2.33263 0 -0.728566 ];
Pos( 44,:) = [ 2.2819 0 -0.708098 ];
Pos( 45,:) = [ 2.26379 0 -0.700792 ];
Pos( 46,:) = [ 2.30948 0 -0.719224 ];
Pos( 47,:) = [ 2.31255 0 -0.720465 ];
Pos( 48,:) = [ 2.28719 0 -0.710234 ];
Pos( 49,:) = [ 2.26523 0 -0.701373 ];
Pos( 50,:) = [ 2.32499 0 -0.725483 ];
Pos( 51,:) = [ 2.27777 0 -0.706434 ];
Pos( 52,:) = [ 2.31487 0 -0.721401 ];
Pos( 53,:) = [ 2.28795 0 -0.71054 ];
Pos( 54,:) = [ 2.32882 0 -0.727029 ];
Pos( 55,:) = [ 2.30875 0 -0.718933 ];
Pos( 56,:) = [ 2.2868 0 -0.710076 ];
Pos( 57,:) = [ 2.31668 0 -0.722132 ];
Pos( 58,:) = [ 2.3153 0 -0.721572 ];
Pos( 59,:) = [ 2.30075 0 -0.715703 ];
Pos( 60,:) = [ 2.30669 0 -0.718101 ];
Pos( 61,:) = [ 2.28003 0 -0.707345 ];
Pos( 62,:) = [ 2.28954 0 -0.711181 ];
Pos( 63,:) = [ 2.28419 0 -0.709024 ];
Pos( 64,:) = [ 2.31258 0 -0.720475 ];
Pos( 65,:) = [ 2.30741 0 -0.718389 ];
Pos( 66,:) = [ 2.28636 0 -0.7099 ];
Pos( 67,:) = [ 2.29954 0 -0.715216 ];
Pos( 68,:) = [ 2.28425 0 -0.709046 ];
Pos( 69,:) = [ 2.30375 0 -0.716914 ];
Pos( 70,:) = [ 2.32617 0 -0.725957 ];
Pos( 71,:) = [ 2.3304 0 -0.727666 ];
Pos( 72,:) = [ 2.27213 0 -0.704159 ];
Pos( 73,:) = [ 2.31674 0 -0.722154 ];
Pos( 74,:) = [ 2.28304 0 -0.708559 ];
Pos( 75,:) = [ 2.3063 0 -0.717942 ];
Pos( 76,:) = [ 2.29169 0 -0.712048 ];
Pos( 77,:) = [ 2.29661 0 -0.714034 ];
Pos( 78,:) = [ 2.27697 0 -0.706111 ];
Pos( 79,:) = [ 2.30514 0 -0.717473 ];
Pos( 80,:) = [ 2.30582 0 -0.71775 ];
Pos( 81,:) = [ 2.32343 0 -0.724853 ];
Pos( 82,:) = [ 2.27951 0 -0.707135 ];
Pos( 83,:) = [ 2.29917 0 -0.715065 ];
Pos( 84,:) = [ 2.32552 0 -0.725694 ];
Pos( 85,:) = [ 2.30692 0 -0.718193 ];
Pos( 86,:) = [ 2.30324 0 -0.716707 ];
Pos( 87,:) = [ 2.32534 0 -0.725625 ];
Pos( 88,:) = [ 2.27407 0 -0.704942 ];
Pos( 89,:) = [ 2.27548 0 -0.705507 ];
Pos( 90,:) = [ 2.29747 0 -0.714379 ];
Pos( 91,:) = [ 2.27741 0 -0.706289 ];
Pos( 92,:) = [ 2.31583 0 -0.721789 ];
Pos( 93,:) = [ 2.31762 0 -0.72251 ];
Pos( 94,:) = [ 2.3064 0 -0.717982 ];
Pos( 95,:) = [ 2.28683 0 -0.710088 ];
Pos( 96,:) = [ 2.31137 0 -0.719988 ];
Pos( 97,:) = [ 2.29665 0 -0.71405 ];
Pos( 98,:) = [ 2.29564 0 -0.713642 ];
Pos( 99,:) = [ 2.29194 0 -0.712149 ];
Pos( 100,:) = [ 2.29036 0 -0.711514 ];
Pos( 101,:) = [ 2.31744 0 -0.722435 ];
Pos( 102,:) = [ 2.32548 0 -0.72568 ];
Pos( 103,:) = [ 2.29041 0 -0.711531 ];
Pos( 104,:) = [ 2.32378 0 -0.724994 ];
Pos( 105,:) = [ 2.2822 0 -0.708219 ];
Pos( 106,:) = [ 2.28712 0 -0.710204 ];
Pos( 107,:) = [ 2.3083 0 -0.718748 ];
Pos( 108,:) = [ 2.30545 0 -0.7176 ];
Pos( 109,:) = [ 2.30717 0 -0.718294 ];
Pos( 110,:) = [ 2.30303 0 -0.716623 ];
Pos( 111,:) = [ 2.29443 0 -0.713154 ];
Pos( 112,:) = [ 2.31043 0 -0.719607 ];
Pos( 113,:) = [ 2.32356 0 -0.724905 ];
Pos( 114,:) = [ 2.30738 0 -0.718377 ];
Pos( 115,:) = [ 2.29276 0 -0.712478 ];
Pos( 116,:) = [ 2.29935 0 -0.71514 ];
Pos( 117,:) = [ 2.2785 0 -0.706728 ];
Pos( 118,:) = [ 2.28367 0 -0.708812 ];
Pos( 119,:) = [ 2.27732 0 -0.70625 ];
Pos( 120,:) = [ 2.31314 0 -0.7207 ];
Pos( 121,:) = [ 2.29667 0 -0.714055 ];
Pos( 122,:) = [ 2.26366 0 -0.70074 ];
Pos( 123,:) = [ 2.2953 0 -0.713504 ];
Pos( 124,:) = [ 2.30238 0 -0.716361 ];
Pos( 125,:) = [ 2.30055 0 -0.715623 ];
Pos( 126,:) = [ 2.29006 0 -0.71139 ];
Pos( 127,:) = [ 2.29033 0 -0.7115 ];
Pos( 128,:) = [ 2.28624 0 -0.709849 ];
Pos( 129,:) = [ 2.30888 0 -0.718984 ];
Pos( 130,:) = [ 2.28572 0 -0.709638 ];
Pos( 131,:) = [ 2.30124 0 -0.715903 ];
Pos( 132,:) = [ 2.29176 0 -0.712076 ];
Pos( 133,:) = [ 2.27785 0 -0.706466 ];
Pos( 134,:) = [ 2.31209 0 -0.72028 ];
Pos( 135,:) = [ 2.29016 0 -0.711432 ];
Pos( 136,:) = [ 2.27728 0 -0.706234 ];
Pos( 137,:) = [ 2.32711 0 -0.726338 ];
Pos( 138,:) = [ 2.28801 0 -0.710565 ];
Pos( 139,:) = [ 2.31435 0 -0.721192 ];
Pos( 140,:) = [ 2.27835 0 -0.706665 ];
Pos( 141,:) = [ 2.28147 0 -0.707925 ];
Pos( 142,:) = [ 2.27134 0 -0.703841 ];
Pos( 143,:) = [ 2.27305 0 -0.70453 ];
Pos( 144,:) = [ 2.28318 0 -0.708614 ];
Pos( 145,:) = [ 2.28195 0 -0.708119 ];
Pos( 146,:) = [ 2.29852 0 -0.714804 ];
Pos( 147,:) = [ 2.31764 0 -0.722515 ];
Pos( 148,:) = [ 2.3138 0 -0.720967 ];
Pos( 149,:) = [ 2.31402 0 -0.721058 ];
Pos( 150,:) = [ 2.28721 0 -0.710241 ];
Pos( 151,:) = [ 2.29284 0 -0.712511 ];
Pos( 152,:) = [ 2.28466 0 -0.709211 ];
Pos( 153,:) = [ 2.27325 0 -0.704611 ];
Pos( 154,:) = [ 2.29521 0 -0.71347 ];
Pos( 155,:) = [ 2.29206 0 -0.712198 ];
Pos( 156,:) = [ 2.29861 0 -0.714841 ];
Pos( 157,:) = [ 2.28335 0 -0.708682 ];
Pos( 158,:) = [ 2.32344 0 -0.724857 ];
Pos( 159,:) = [ 2.30468 0 -0.717288 ];
Pos( 160,:) = [ 2.30891 0 -0.718996 ];
Pos( 161,:) = [ 2.28806 0 -0.710585 ];
Pos( 162,:) = [ 2.2778 0 -0.706444 ];
Pos( 163,:) = [ 2.29438 0 -0.713135 ];
Pos( 164,:) = [ 2.29307 0 -0.712606 ];
Pos( 165,:) = [ 2.31013 0 -0.719488 ];
Pos( 166,:) = [ 2.28694 0 -0.710132 ];
Pos( 167,:) = [ 2.28545 0 -0.709532 ];
Pos( 168,:) = [ 2.29665 0 -0.714048 ];
Pos( 169,:) = [ 2.29268 0 -0.712446 ];
Pos( 170,:) = [ 2.28917 0 -0.711031 ];
Pos( 171,:) = [ 2.29953 0 -0.715213 ];
Pos( 172,:) = [ 2.30885 0 -0.718971 ];
Pos( 173,:) = [ 2.3092 0 -0.719113 ];
Pos( 174,:) = [ 2.3117 0 -0.720123 ];
Pos( 175,:) = [ 2.32856 0 -0.726923 ];
Pos( 176,:) = [ 2.3163 0 -0.721979 ];
Pos( 177,:) = [ 2.28904 0 -0.710981 ];
Pos( 178,:) = [ 2.28107 0 -0.707766 ];
Pos( 179,:) = [ 2.30311 0 -0.716654 ];
Pos( 180,:) = [ 2.28253 0 -0.708352 ];
Pos( 181,:) = [ 2.30495 0 -0.717397 ];
Pos( 182,:) = [ 2.27239 0 -0.704263 ];
Pos( 183,:) = [ 2.3092 0 -0.719112 ];
Pos( 184,:) = [ 2.3151 0 -0.721494 ];
Pos( 185,:) = [ 2.30224 0 -0.716306 ];
Pos( 186,:) = [ 2.28287 0 -0.708492 ];
Pos( 187,:) = [ 2.30529 0 -0.717537 ];
Pos( 188,:) = [ 2.33036 0 -0.727648 ];
Pos( 189,:) = [ 2.28578 0 -0.709663 ];
Pos( 190,:) = [ 2.30095 0 -0.715785 ];
Pos( 191,:) = [ 2.2748 0 -0.705233 ];
Pos( 192,:) = [ 2.27812 0 -0.706576 ];
Pos( 193,:) = [ 2.2804 0 -0.707492 ];
Pos( 194,:) = [ 2.31452 0 -0.721257 ];
Pos( 195,:) = [ 2.31243 0 -0.720414 ];
Pos( 196,:) = [ 2.27836 0 -0.70667 ];
Pos( 197,:) = [ 2.31449 0 -0.721246 ];
Pos( 198,:) = [ 2.30663 0 -0.718077 ];
Pos( 199,:) = [ 2.27977 0 -0.707238 ];
Pos( 200,:) = [ 2.30396 0 -0.716997 ];
Pos( 201,:) = [ 2.31964 0 -0.723323 ];
Pos( 202,:) = [ 2.29005 0 -0.711388 ];
Pos( 203,:) = [ 2.3225 0 -0.72448 ];
Pos( 204,:) = [ 2.29408 0 -0.713013 ];
Pos( 205,:) = [ 2.28661 0 -0.709997 ];
Pos( 206,:) = [ 2.28289 0 -0.7085 ];
Pos( 207,:) = [ 2.29801 0 -0.714598 ];
Pos( 208,:) = [ 2.3007 0 -0.715685 ];
Pos( 209,:) = [ 2.28682 0 -0.710084 ];
