Pos( 1,:) = [ 1.49593 -0.00142867 1.2248 ];
Pos( 2,:) = [ 1.49924 0.0488013 1.18063 ];
Pos( 3,:) = [ 1.49999 1.04801e-05 1.15685 ];
Pos( 4,:) = [ 1.49847 -7.38375e-09 1.1483 ];
Pos( 5,:) = [ 1.4483 0.369476 1.13083 ];
