Pos( 1,:) = [ 1.49827 -0.0385171 1.1892 ];
Pos( 2,:) = [ 1.50006 0.0126261 1.16108 ];
Pos( 3,:) = [ 1.49862 -0.0166924 1.14161 ];
Pos( 4,:) = [ 1.49984 0.000594575 1.15856 ];
Pos( 5,:) = [ 1.4989 -0.00669831 1.14765 ];
Pos( 6,:) = [ 1.49876 -0.00949875 1.1844 ];
Pos( 7,:) = [ 1.35176 0.121686 1.1356 ];
Pos( 8,:) = [ 1.27833 -0.00297616 1.06122 ];
Pos( 9,:) = [ 1.49897 -0.00865692 1.14849 ];
Pos( 10,:) = [ 1.50055 -0.00504621 1.16696 ];
Pos( 11,:) = [ 1.44292 0.0388924 1.18088 ];
Pos( 12,:) = [ 1.34121 0.0123285 0.981452 ];
Pos( 13,:) = [ 1.45702 0.00299331 1.1919 ];
Pos( 14,:) = [ 1.4455 -0.075806 1.05336 ];
Pos( 15,:) = [ 1.45372 0.0303004 1.18871 ];
Pos( 16,:) = [ 1.49866 0.00740643 1.1427 ];
Pos( 17,:) = [ 1.4266 -0.0427107 1.05512 ];
Pos( 18,:) = [ 1.4995 0.00531336 1.15466 ];
Pos( 19,:) = [ 1.4966 0.0279207 1.20868 ];
Pos( 20,:) = [ 1.49837 -0.00449192 1.13385 ];
Pos( 21,:) = [ 1.4742 -0.00916487 1.20868 ];
Pos( 22,:) = [ 1.41688 -0.00907174 1.06261 ];
Pos( 23,:) = [ 1.48209 -0.0347942 1.12502 ];
Pos( 24,:) = [ 1.50006 -0.00506735 1.16104 ];
Pos( 25,:) = [ 1.36822 0.192141 1.09834 ];
Pos( 26,:) = [ 1.46632 0.0603309 1.20096 ];
Pos( 27,:) = [ 1.5004 0.00423609 1.16499 ];
Pos( 28,:) = [ 1.38323 -0.138903 1.09424 ];
Pos( 29,:) = [ 1.49876 -0.00356527 1.1459 ];
Pos( 30,:) = [ 1.49952 -0.00160543 1.15488 ];
Pos( 31,:) = [ 1.44293 -0.0153757 1.18088 ];
Pos( 32,:) = [ 1.49522 -0.0655365 1.22927 ];
Pos( 33,:) = [ 1.46115 -0.0757734 1.1959 ];
Pos( 34,:) = [ 1.49879 -0.0154693 1.14638 ];
Pos( 35,:) = [ 1.49861 0.00223876 1.14131 ];
Pos( 36,:) = [ 1.45811 -0.0386578 1.19295 ];
Pos( 37,:) = [ 1.50003 0.0128558 1.17198 ];
Pos( 38,:) = [ 1.31949 -0.0335625 1.13669 ];
Pos( 39,:) = [ 1.49924 -0.00177855 1.15162 ];
Pos( 40,:) = [ 1.39753 -0.161756 1.13418 ];
Pos( 41,:) = [ 1.49873 0.00234149 1.14485 ];
Pos( 42,:) = [ 1.49125 0.074535 1.22538 ];
Pos( 43,:) = [ 1.49921 -0.000707747 1.15126 ];
Pos( 44,:) = [ 1.32066 -0.061509 1.10675 ];
Pos( 45,:) = [ 1.46992 0.00968551 1.20449 ];
Pos( 46,:) = [ 1.49962 0.00345774 1.15598 ];
Pos( 47,:) = [ 1.4984 0.00933783 1.13474 ];
Pos( 48,:) = [ 1.49999 -0.0147797 1.17239 ];
Pos( 49,:) = [ 1.49958 0.00316155 1.15554 ];
Pos( 50,:) = [ 1.49826 -0.00458426 1.18926 ];
Pos( 51,:) = [ 1.49842 -0.00792413 1.13556 ];
Pos( 52,:) = [ 1.45679 0.330848 1.16851 ];
Pos( 53,:) = [ 1.45379 0.0187905 1.18877 ];
Pos( 54,:) = [ 1.37526 0.0238143 1.09747 ];
Pos( 55,:) = [ 1.41645 -0.130853 1.16766 ];
Pos( 56,:) = [ 1.49998 0.00268133 1.17251 ];
Pos( 57,:) = [ 1.451 -0.0308929 1.18607 ];
Pos( 58,:) = [ 1.22313 0.050936 1.05863 ];
Pos( 59,:) = [ 1.42685 0.109694 1.17263 ];
Pos( 60,:) = [ 1.49973 0.00925695 1.15731 ];
Pos( 61,:) = [ 1.4992 0.0133136 1.15112 ];
Pos( 62,:) = [ 1.46166 0.00331432 1.1964 ];
Pos( 63,:) = [ 1.46346 0.113372 1.12095 ];
Pos( 64,:) = [ 1.47708 0.054921 1.2115 ];
Pos( 65,:) = [ 1.49818 0.016047 1.12808 ];
Pos( 66,:) = [ 1.43861 0.196872 1.17867 ];
Pos( 67,:) = [ 1.49905 -0.00726935 1.14943 ];
Pos( 68,:) = [ 1.30532 -0.0012739 1.15213 ];
Pos( 69,:) = [ 1.44431 -0.0485658 1.18159 ];
Pos( 70,:) = [ 1.45298 0.0313733 1.18798 ];
Pos( 71,:) = [ 1.49926 -0.0196193 1.15178 ];
Pos( 72,:) = [ 1.50019 0.0183296 1.16259 ];
Pos( 73,:) = [ 1.49944 -0.00419324 1.15395 ];
Pos( 74,:) = [ 1.49838 0.0204475 1.13413 ];
Pos( 75,:) = [ 1.3925 -0.0490899 1.1271 ];
Pos( 76,:) = [ 1.46613 0.0129018 1.20078 ];
Pos( 77,:) = [ 1.49961 -0.0025755 1.1761 ];
Pos( 78,:) = [ 1.49937 0.0239519 1.1785 ];
Pos( 79,:) = [ 1.49977 -0.00416846 1.17452 ];
Pos( 80,:) = [ 1.33601 0.0938068 1.13845 ];
Pos( 81,:) = [ 1.44252 -0.0271852 1.18067 ];
Pos( 82,:) = [ 1.48017 -0.0568983 1.21453 ];
Pos( 83,:) = [ 1.50854 -0.0795962 1.09608 ];
Pos( 84,:) = [ 1.45795 0.00887845 1.19279 ];
Pos( 85,:) = [ 1.43221 0.0133303 1.17538 ];
Pos( 86,:) = [ 1.4541 0.0806698 1.18428 ];
Pos( 87,:) = [ 1.47152 0.0243837 1.20605 ];
Pos( 88,:) = [ 1.42133 0.0982527 0.923576 ];
Pos( 89,:) = [ 1.45657 0.0396382 1.19146 ];
Pos( 90,:) = [ 1.49918 0.0083411 1.15091 ];
Pos( 91,:) = [ 1.44226 0.0163124 1.18054 ];
Pos( 92,:) = [ 1.50007 -0.00550748 1.16125 ];
Pos( 93,:) = [ 1.49908 0.0174448 1.14976 ];
Pos( 94,:) = [ 1.46367 -0.062446 1.19837 ];
Pos( 95,:) = [ 1.48787 -0.0507267 1.22207 ];
Pos( 96,:) = [ 1.47402 0.00208616 1.2085 ];
Pos( 97,:) = [ 1.4991 -0.000177296 1.15003 ];
Pos( 98,:) = [ 1.47874 -0.000677156 1.21312 ];
Pos( 99,:) = [ 1.4989 -0.0127373 1.14765 ];
Pos( 100,:) = [ 1.45209 -0.0459957 1.18712 ];
Pos( 101,:) = [ 1.48586 0.0555798 1.2201 ];
Pos( 102,:) = [ 1.45973 -0.0366532 1.19451 ];
Pos( 103,:) = [ 1.47946 -0.013122 1.21383 ];
Pos( 104,:) = [ 1.50003 -0.0070804 1.17203 ];
Pos( 105,:) = [ 1.35418 -0.230154 1.02719 ];
Pos( 106,:) = [ 1.49918 0.00578412 1.15092 ];
Pos( 107,:) = [ 1.49881 -0.0264909 1.14665 ];
Pos( 108,:) = [ 1.50041 -0.0405098 1.16834 ];
Pos( 109,:) = [ 1.49869 -0.00713687 1.14376 ];
Pos( 110,:) = [ 1.45961 0.000138605 1.1944 ];
Pos( 111,:) = [ 1.23616 -0.0243287 1.19374 ];
Pos( 112,:) = [ 1.49924 0.0545487 1.23321 ];
Pos( 113,:) = [ 1.49968 0.00513948 1.15668 ];
Pos( 114,:) = [ 1.32754 0.0638284 0.950439 ];
Pos( 115,:) = [ 1.50011 -0.000916713 1.17126 ];
Pos( 116,:) = [ 1.48261 -0.0423389 1.21692 ];
Pos( 117,:) = [ 1.49968 -0.0157027 1.15667 ];
Pos( 118,:) = [ 1.44912 0.122816 1.18426 ];
Pos( 119,:) = [ 1.41818 -0.0765526 1.14384 ];
Pos( 120,:) = [ 1.49853 -0.0144192 1.13868 ];
Pos( 121,:) = [ 1.4548 0.0384981 1.18974 ];
Pos( 122,:) = [ 1.49877 0.00448692 1.1461 ];
Pos( 123,:) = [ 1.49938 0.0231831 1.17833 ];
Pos( 124,:) = [ 1.4989 -0.0555844 1.14766 ];
Pos( 125,:) = [ 1.46072 -0.0982637 1.1299 ];
Pos( 126,:) = [ 1.49944 0.00502367 1.15389 ];
Pos( 127,:) = [ 1.49995 -0.00015617 1.15976 ];
Pos( 128,:) = [ 1.41897 -0.15037 1.1479 ];
Pos( 129,:) = [ 1.4493 -0.122496 1.01625 ];
Pos( 130,:) = [ 1.50035 -0.0369426 1.16891 ];
Pos( 131,:) = [ 1.4306 0.00770877 1.17455 ];
Pos( 132,:) = [ 1.4911 -0.00718522 0.894791 ];
Pos( 133,:) = [ 1.41304 0.094682 1.07343 ];
Pos( 134,:) = [ 1.44137 0.00757597 1.18008 ];
Pos( 135,:) = [ 1.49953 0.000717108 1.15501 ];
Pos( 136,:) = [ 1.49997 0.00108566 1.1601 ];
Pos( 137,:) = [ 1.4664 0.0132042 1.20104 ];
Pos( 138,:) = [ 1.49859 -0.0069148 1.18603 ];
Pos( 139,:) = [ 1.4754 0.0222661 1.20986 ];
Pos( 140,:) = [ 1.47577 -0.0226525 1.21022 ];
Pos( 141,:) = [ 1.49983 0.000572825 1.15846 ];
Pos( 142,:) = [ 1.49966 -0.0517919 1.15651 ];
Pos( 143,:) = [ 1.46749 0.038724 1.20211 ];
Pos( 144,:) = [ 1.49903 -0.00886025 1.22247 ];
Pos( 145,:) = [ 1.43392 -0.0298763 1.06619 ];
Pos( 146,:) = [ 1.49851 0.0128138 1.13821 ];
Pos( 147,:) = [ 1.4984 -0.0265826 1.13495 ];
Pos( 148,:) = [ 1.36038 0.0219509 1.18087 ];
Pos( 149,:) = [ 1.49967 -0.0178733 1.15656 ];
Pos( 150,:) = [ 1.49882 0.0228746 1.14672 ];
Pos( 151,:) = [ 1.43972 -0.0151655 1.17924 ];
Pos( 152,:) = [ 1.46743 -0.0731974 1.20205 ];
Pos( 153,:) = [ 1.42027 0.0837367 1.12701 ];
Pos( 154,:) = [ 1.50038 0.119571 1.16865 ];
Pos( 155,:) = [ 1.49904 -0.00766446 1.1493 ];
Pos( 156,:) = [ 1.39581 0.109899 1.10826 ];
Pos( 157,:) = [ 1.49992 0.0242585 1.15952 ];
Pos( 158,:) = [ 1.38818 -0.260895 1.14906 ];
Pos( 159,:) = [ 1.43573 -0.0181428 1.17719 ];
Pos( 160,:) = [ 1.50018 -0.00196189 1.17061 ];
Pos( 161,:) = [ 1.43278 -0.0376298 1.13877 ];
Pos( 162,:) = [ 1.49869 -0.0149735 1.14365 ];
Pos( 163,:) = [ 1.45179 0.0226679 1.18684 ];
Pos( 164,:) = [ 1.50053 -0.0183843 1.1665 ];
Pos( 165,:) = [ 1.51115 -0.0846613 1.09453 ];
Pos( 166,:) = [ 1.46864 -0.134378 1.20324 ];
Pos( 167,:) = [ 1.44954 -0.142715 1.0828 ];
Pos( 168,:) = [ 1.45512 0.0252577 1.19006 ];
Pos( 169,:) = [ 1.49988 0.00529008 1.15904 ];
Pos( 170,:) = [ 1.49317 -0.0683202 1.22726 ];
Pos( 171,:) = [ 1.50051 -0.00905316 1.16739 ];
Pos( 172,:) = [ 1.48483 0.01898 1.21909 ];
Pos( 173,:) = [ 1.50048 -0.0017839 1.16595 ];
Pos( 174,:) = [ 1.49855 0.000938186 1.13931 ];
Pos( 175,:) = [ 1.49929 -0.00657454 1.17918 ];
Pos( 176,:) = [ 1.4995 -0.0218611 1.1546 ];
Pos( 177,:) = [ 1.49898 -0.032301 1.18221 ];
Pos( 178,:) = [ 1.50015 0.0213528 1.17084 ];
