Pos( 1,:) = [ 1.50172 -1.41491e-35 1.23563 ];
Pos( 2,:) = [ 1.50157 -1.48725e-35 1.23549 ];
Pos( 3,:) = [ 1.50242 -7.17508e-19 1.23486 ];
Pos( 4,:) = [ 1.49919 2.29335e-35 1.23315 ];
Pos( 5,:) = [ 1.49958 2.36803e-35 1.23354 ];
Pos( 6,:) = [ 1.50085 -6.39607e-35 1.22906 ];
Pos( 7,:) = [ 1.5005 -3.09678e-19 1.22777 ];
Pos( 8,:) = [ 1.50036 -1.97621e-19 1.22729 ];
Pos( 9,:) = [ 1.50129 -3.61651e-19 1.23063 ];
Pos( 10,:) = [ 1.49919 0.00191156 1.22302 ];
Pos( 11,:) = [ 1.49973 -0.0035914 1.22499 ];
Pos( 12,:) = [ 1.49956 0.00307703 1.22436 ];
Pos( 13,:) = [ 1.49915 0.00114997 1.22289 ];
Pos( 14,:) = [ 1.49958 -0.00897673 1.22444 ];
Pos( 15,:) = [ 1.49934 0.00215133 1.22358 ];
Pos( 16,:) = [ 1.499 0.00434792 1.22235 ];
Pos( 17,:) = [ 1.49961 1.71752e-19 1.22456 ];
Pos( 18,:) = [ 1.49788 -0.00298912 1.21828 ];
Pos( 19,:) = [ 1.49784 -0.00494639 1.21814 ];
Pos( 20,:) = [ 1.49786 0.0050817 1.21823 ];
Pos( 21,:) = [ 1.4987 -0.00483744 1.22127 ];
Pos( 22,:) = [ 1.49797 -0.00105569 1.2186 ];
Pos( 23,:) = [ 1.49739 -0.0058492 1.21604 ];
Pos( 24,:) = [ 1.49731 -0.00230907 1.21557 ];
Pos( 25,:) = [ 1.49753 2.12198e-19 1.21685 ];
Pos( 26,:) = [ 1.49798 0.00310598 1.21864 ];
Pos( 27,:) = [ 1.49684 -0.00528412 1.21287 ];
Pos( 28,:) = [ 1.49685 -2.28698e-19 1.21293 ];
Pos( 29,:) = [ 1.49672 0.000627863 1.21218 ];
Pos( 30,:) = [ 1.49682 0.00178053 1.21276 ];
Pos( 31,:) = [ 1.49696 -0.0110075 1.21356 ];
Pos( 32,:) = [ 1.49697 -0.00156727 1.21362 ];
Pos( 33,:) = [ 1.49792 -0.00192671 1.21842 ];
Pos( 34,:) = [ 1.49665 0.000621871 1.21077 ];
Pos( 35,:) = [ 1.4966 -0.00772634 1.20868 ];
Pos( 36,:) = [ 1.4967 0.000480953 1.20542 ];
Pos( 37,:) = [ 1.49661 -0.000758261 1.20889 ];
Pos( 38,:) = [ 1.49663 0.000299548 1.2066 ];
Pos( 39,:) = [ 1.49663 -0.0011928 1.21019 ];
Pos( 40,:) = [ 1.49661 -0.00340519 1.20899 ];
Pos( 41,:) = [ 1.49658 -0.00549056 1.20767 ];
Pos( 42,:) = [ 1.49663 0.00044465 1.21017 ];
Pos( 43,:) = [ 1.49661 -0.00169481 1.20885 ];
Pos( 44,:) = [ 1.49666 -7.54385e-19 1.20611 ];
Pos( 45,:) = [ 1.49687 -0.000699963 1.20279 ];
Pos( 46,:) = [ 1.4968 -0.00164674 1.20393 ];
Pos( 47,:) = [ 1.49675 -0.00256896 1.20472 ];
Pos( 48,:) = [ 1.49665 -0.0127794 1.20617 ];
Pos( 49,:) = [ 1.49695 -0.00791025 1.20197 ];
Pos( 50,:) = [ 1.49679 0.00278698 1.20403 ];
Pos( 51,:) = [ 1.49701 -0.00033233 1.20146 ];
Pos( 52,:) = [ 1.49658 -0.00115882 1.20737 ];
Pos( 53,:) = [ 1.49667 0.00256141 1.20594 ];
Pos( 54,:) = [ 1.49684 -0.000825218 1.20325 ];
Pos( 55,:) = [ 1.49662 0.010507 1.2067 ];
Pos( 56,:) = [ 1.49686 -0.0212055 1.20296 ];
Pos( 57,:) = [ 1.4976 -1.19778e-18 1.19567 ];
Pos( 58,:) = [ 1.4976 0.000964413 1.19568 ];
Pos( 59,:) = [ 1.49734 -0.000578602 1.19819 ];
Pos( 60,:) = [ 1.49678 0.00166965 1.20425 ];
Pos( 61,:) = [ 1.49709 0.00617798 1.20068 ];
Pos( 62,:) = [ 1.49734 -1.98841e-18 1.19824 ];
Pos( 63,:) = [ 1.4976 3.56943e-20 1.19564 ];
Pos( 64,:) = [ 1.49738 3.37371e-19 1.19786 ];
Pos( 65,:) = [ 1.49731 -2.80885e-18 1.19851 ];
Pos( 66,:) = [ 1.49747 -0.0086573 1.19694 ];
Pos( 67,:) = [ 1.49757 0.000546866 1.19597 ];
Pos( 68,:) = [ 1.49756 1.58153e-19 1.1961 ];
Pos( 69,:) = [ 1.49697 0.00736779 1.20181 ];
Pos( 70,:) = [ 1.49731 -0.00399657 1.19847 ];
Pos( 71,:) = [ 1.49742 -0.000951174 1.1974 ];
Pos( 72,:) = [ 1.49803 0.00192913 1.19154 ];
Pos( 73,:) = [ 1.49819 0.00389046 1.18993 ];
Pos( 74,:) = [ 1.49824 -0.000369614 1.18945 ];
Pos( 75,:) = [ 1.49804 -0.00208243 1.19144 ];
Pos( 76,:) = [ 1.49799 0.00310348 1.19191 ];
Pos( 77,:) = [ 1.49822 -3.1115e-35 1.18968 ];
Pos( 78,:) = [ 1.49818 -0.000633536 1.19004 ];
Pos( 79,:) = [ 1.49811 2.09882e-19 1.19072 ];
Pos( 80,:) = [ 1.49783 -0.00161855 1.19347 ];
Pos( 81,:) = [ 1.49812 0.00150656 1.19064 ];
Pos( 82,:) = [ 1.49802 -0.00609876 1.19164 ];
Pos( 83,:) = [ 1.49814 0.000847124 1.19041 ];
Pos( 84,:) = [ 1.49819 0.00521167 1.18995 ];
Pos( 85,:) = [ 1.49809 0.00477967 1.19093 ];
Pos( 86,:) = [ 1.49802 -0.00413504 1.19157 ];
Pos( 87,:) = [ 1.49805 0.00481327 1.19129 ];
Pos( 88,:) = [ 1.49813 -0.00414413 1.19053 ];
Pos( 89,:) = [ 1.49861 -1.25562e-18 1.18585 ];
Pos( 90,:) = [ 1.49825 -0.00308825 1.18934 ];
Pos( 91,:) = [ 1.49902 0.00184455 1.18189 ];
Pos( 92,:) = [ 1.49903 0.00214049 1.18174 ];
Pos( 93,:) = [ 1.49884 -0.00179798 1.18357 ];
Pos( 94,:) = [ 1.4988 -0.00037087 1.18396 ];
Pos( 95,:) = [ 1.49901 -0.00763891 1.18196 ];
Pos( 96,:) = [ 1.49893 -0.00106805 1.18277 ];
Pos( 97,:) = [ 1.49884 0.00100536 1.18357 ];
Pos( 98,:) = [ 1.49883 -0.00146685 1.18367 ];
Pos( 99,:) = [ 1.49884 -0.000470343 1.18359 ];
Pos( 100,:) = [ 1.49858 0.00234144 1.18612 ];
Pos( 101,:) = [ 1.4988 -0.00223816 1.18402 ];
Pos( 102,:) = [ 1.49878 -0.0061996 1.18423 ];
Pos( 103,:) = [ 1.49867 0.00214997 1.18523 ];
Pos( 104,:) = [ 1.49895 -0.000900439 1.18256 ];
Pos( 105,:) = [ 1.49905 -0.000896803 1.18154 ];
Pos( 106,:) = [ 1.49877 0.00179191 1.1843 ];
Pos( 107,:) = [ 1.49983 -3.13527e-20 1.17396 ];
Pos( 108,:) = [ 1.4997 -0.0104846 1.17522 ];
Pos( 109,:) = [ 1.49958 0.00285087 1.1764 ];
Pos( 110,:) = [ 1.49989 0.00182626 1.17343 ];
Pos( 111,:) = [ 1.49966 0.00316947 1.17567 ];
Pos( 112,:) = [ 1.49981 0.000830957 1.17413 ];
Pos( 113,:) = [ 1.49999 0.00234768 1.17246 ];
Pos( 114,:) = [ 1.49994 0.00480226 1.17289 ];
Pos( 115,:) = [ 1.49968 -0.000493154 1.1754 ];
Pos( 116,:) = [ 1.49957 -0.000575315 1.17651 ];
Pos( 117,:) = [ 1.49941 0.00502115 1.17805 ];
Pos( 118,:) = [ 1.49961 0.00302889 1.17609 ];
Pos( 119,:) = [ 1.49973 0.0011491 1.17495 ];
Pos( 120,:) = [ 1.49984 0.000172564 1.1739 ];
Pos( 121,:) = [ 1.49945 0.00312006 1.17767 ];
Pos( 122,:) = [ 1.49993 -0.00505987 1.17295 ];
Pos( 123,:) = [ 1.49952 -3.97545e-18 1.17704 ];
Pos( 124,:) = [ 1.49978 0.00219413 1.17447 ];
Pos( 125,:) = [ 1.49968 0.00102949 1.1754 ];
Pos( 126,:) = [ 1.49979 -0.00245381 1.17437 ];
Pos( 127,:) = [ 1.49973 0.00113246 1.17498 ];
Pos( 128,:) = [ 1.49963 0.00453235 1.17594 ];
Pos( 129,:) = [ 1.50041 0.00986424 1.16514 ];
Pos( 130,:) = [ 1.50012 0.00801796 1.16181 ];
Pos( 131,:) = [ 1.5005 -0.0133738 1.16619 ];
Pos( 132,:) = [ 1.50035 0.000466183 1.16444 ];
Pos( 133,:) = [ 1.49987 0.00130544 1.15887 ];
Pos( 134,:) = [ 1.50002 0.00274058 1.16058 ];
Pos( 135,:) = [ 1.49985 -0.000841045 1.15862 ];
Pos( 136,:) = [ 1.49994 0.00171147 1.15975 ];
Pos( 137,:) = [ 1.49987 0.000255269 1.15889 ];
Pos( 138,:) = [ 1.49997 0.000360816 1.16003 ];
Pos( 139,:) = [ 1.50001 -0.000972439 1.1605 ];
Pos( 140,:) = [ 1.49986 -3.34076e-19 1.15877 ];
Pos( 141,:) = [ 1.49987 -0.0138587 1.15895 ];
Pos( 142,:) = [ 1.50009 0.00226707 1.1614 ];
Pos( 143,:) = [ 1.49971 0.000380566 1.15704 ];
Pos( 144,:) = [ 1.49995 -0.00172371 1.15977 ];
Pos( 145,:) = [ 1.49984 0.0156557 1.15854 ];
Pos( 146,:) = [ 1.49999 0.00147031 1.16032 ];
Pos( 147,:) = [ 1.49971 0.00280892 1.15701 ];
Pos( 148,:) = [ 1.50029 -0.000365635 1.16372 ];
Pos( 149,:) = [ 1.49996 0.00174579 1.15996 ];
Pos( 150,:) = [ 1.50016 -0.00319573 1.16222 ];
Pos( 151,:) = [ 1.49978 -0.0058056 1.15786 ];
Pos( 152,:) = [ 1.50033 -0.00583952 1.16424 ];
Pos( 153,:) = [ 1.49999 0.0045597 1.16031 ];
Pos( 154,:) = [ 1.4997 0.00162788 1.1569 ];
Pos( 155,:) = [ 1.49984 0.00350106 1.15853 ];
Pos( 156,:) = [ 1.50028 0.00428868 1.16366 ];
Pos( 157,:) = [ 1.49999 -0.00155738 1.16029 ];
Pos( 158,:) = [ 1.49999 -0.00559822 1.16027 ];
Pos( 159,:) = [ 1.50009 0.00387574 1.16145 ];
Pos( 160,:) = [ 1.50001 0.00456035 1.1605 ];
Pos( 161,:) = [ 1.49978 -0.00104725 1.15789 ];
Pos( 162,:) = [ 1.50014 -0.0100695 1.16205 ];
Pos( 163,:) = [ 1.50013 -0.00303837 1.16187 ];
Pos( 164,:) = [ 1.49976 -0.00181148 1.15757 ];
Pos( 165,:) = [ 1.49996 -0.00283985 1.15988 ];
Pos( 166,:) = [ 1.49987 -0.00309497 1.15894 ];
Pos( 167,:) = [ 1.49998 0.00309246 1.16023 ];
Pos( 168,:) = [ 1.4999 0.00130654 1.15923 ];
Pos( 169,:) = [ 1.49857 -8.77481e-19 1.13996 ];
Pos( 170,:) = [ 1.49844 -0.00560459 1.13591 ];
Pos( 171,:) = [ 1.49849 0.00121629 1.13768 ];
Pos( 172,:) = [ 1.49848 0.00126389 1.13742 ];
Pos( 173,:) = [ 1.4985 0.00364016 1.13788 ];
Pos( 174,:) = [ 1.49837 0.00151118 1.13399 ];
