Pos( 1,:) = [ 1.44279 -0.0390726 1.18081 ];
Pos( 2,:) = [ 1.46441 -0.0284905 1.19909 ];
Pos( 3,:) = [ 1.40992 0.0671248 1.16541 ];
Pos( 4,:) = [ 1.016 -0.254684 0.836038 ];
Pos( 5,:) = [ 1.016 0.0841155 1.00409 ];
Pos( 6,:) = [ 1.44481 -0.0159708 1.18185 ];
Pos( 7,:) = [ 1.016 0.589142 0.577069 ];
Pos( 8,:) = [ 1.48307 0.04449 1.21737 ];
Pos( 9,:) = [ 1.016 -0.445948 0.939899 ];
Pos( 10,:) = [ 1.42139 -0.00492993 1.16983 ];
Pos( 11,:) = [ 1.016 0.293347 1.04625 ];
Pos( 12,:) = [ 1.45505 -0.0155079 1.18999 ];
Pos( 13,:) = [ 1.016 -0.0256495 1.06885 ];
Pos( 14,:) = [ 1.43685 -0.0157731 1.17776 ];
Pos( 15,:) = [ 1.016 -0.141574 0.848743 ];
Pos( 16,:) = [ 1.48779 0.0709873 1.22199 ];
Pos( 17,:) = [ 1.01323 -0.712114 1.15259 ];
Pos( 18,:) = [ 1.43416 -0.0238565 1.17638 ];
Pos( 19,:) = [ 1.44563 0.0416576 1.18227 ];
Pos( 20,:) = [ 1.016 -0.00548919 0.68612 ];
Pos( 21,:) = [ 1.016 0.169434 1.04935 ];
Pos( 22,:) = [ 1.42074 0.0503368 1.16949 ];
Pos( 23,:) = [ 1.44224 0.12092 1.18053 ];
Pos( 24,:) = [ 1.44638 0.0127269 1.18266 ];
Pos( 25,:) = [ 1.45554 0.0425011 1.19046 ];
Pos( 26,:) = [ 1.016 0.102502 1.11462 ];
Pos( 27,:) = [ 1.43508 0.0257247 1.17685 ];
Pos( 28,:) = [ 1.45554 -0.0263976 1.19046 ];
Pos( 29,:) = [ 1.46133 -0.0241367 1.19607 ];
Pos( 30,:) = [ 1.016 0.742525 1.04183 ];
Pos( 31,:) = [ 1.016 -0.704869 0.260925 ];
Pos( 32,:) = [ 1.016 1.36599 0.673678 ];
Pos( 33,:) = [ 1.41983 -0.0786367 1.16902 ];
Pos( 34,:) = [ 1.016 1.03615 1.03432 ];
Pos( 35,:) = [ 1.41774 0.150579 1.16811 ];
Pos( 36,:) = [ 1.016 -0.295147 0.940142 ];
Pos( 37,:) = [ 1.016 0.194027 0.590473 ];
Pos( 38,:) = [ 1.47408 -0.0182831 1.20856 ];
Pos( 39,:) = [ 1.45236 -0.00854796 1.18739 ];
Pos( 40,:) = [ 1.45635 -0.0534052 1.19125 ];
Pos( 41,:) = [ 1.45181 -0.0542007 1.18686 ];
Pos( 42,:) = [ 1.43233 -0.00785356 1.17544 ];
Pos( 43,:) = [ 1.016 0.108857 0.762556 ];
Pos( 44,:) = [ 1.016 0.123466 0.721287 ];
Pos( 45,:) = [ 1.45541 0.00427534 1.19034 ];
Pos( 46,:) = [ 1.44017 0.0375349 1.17947 ];
Pos( 47,:) = [ 1.19185 -0.064153 1.19036 ];
Pos( 48,:) = [ 1.44184 -0.0030217 1.18033 ];
Pos( 49,:) = [ 1.016 0.179296 1.03756 ];
Pos( 50,:) = [ 1.40759 -0.0381189 1.16461 ];
Pos( 51,:) = [ 1.12031 1.76636 0.654466 ];
Pos( 52,:) = [ 1.016 0.122166 1.09008 ];
Pos( 53,:) = [ 1.43736 -0.0933997 1.17802 ];
Pos( 54,:) = [ 1.45452 -0.0321414 1.18947 ];
Pos( 55,:) = [ 1.45672 0.226016 1.1916 ];
Pos( 56,:) = [ 1.43196 0.0302802 1.17525 ];
Pos( 57,:) = [ 1.18021 -0.362461 1.18279 ];
Pos( 58,:) = [ 1.016 1.1835 0.0834631 ];
Pos( 59,:) = [ 1.016 -0.0725208 0.572664 ];
Pos( 60,:) = [ 1.44645 -0.00846108 1.18269 ];
Pos( 61,:) = [ 1.016 0.828879 0.844329 ];
Pos( 62,:) = [ 1.46084 -0.019213 1.19559 ];
Pos( 63,:) = [ 1.44907 0.00385977 1.1842 ];
Pos( 64,:) = [ 1.45958 0.082466 1.19438 ];
Pos( 65,:) = [ 1.016 -0.0810069 1.04501 ];
Pos( 66,:) = [ 1.016 -0.27199 1.07038 ];
Pos( 67,:) = [ 1.44234 0.0242538 1.18058 ];
Pos( 68,:) = [ 1.01601 -0.337061 1.10781 ];
Pos( 69,:) = [ 1.451 -0.0420369 1.18607 ];
Pos( 70,:) = [ 1.016 -0.0954899 1.04393 ];
Pos( 71,:) = [ 1.46017 0.038166 1.19494 ];
Pos( 72,:) = [ 1.016 -0.385785 0.154311 ];
Pos( 73,:) = [ 1.016 0.0066454 0.803899 ];
Pos( 74,:) = [ 1.44683 -0.0469955 1.18288 ];
Pos( 75,:) = [ 1.016 -0.174926 1.04901 ];
Pos( 76,:) = [ 1.4095 -0.0551596 1.16526 ];
Pos( 77,:) = [ 1.016 -0.540702 0.95073 ];
Pos( 78,:) = [ 1.016 -0.15334 1.04092 ];
Pos( 79,:) = [ 1.46194 0.128747 1.19668 ];
Pos( 80,:) = [ 1.016 -0.176594 -0.166897 ];
Pos( 81,:) = [ 1.016 0.560667 0.771833 ];
Pos( 82,:) = [ 1.016 -0.188035 1.0724 ];
Pos( 83,:) = [ 1.14914 -0.0581223 1.17462 ];
Pos( 84,:) = [ 1.016 -0.934388 0.791861 ];
Pos( 85,:) = [ 1.016 -0.397484 0.942917 ];
Pos( 86,:) = [ 1.43405 0.0496796 1.17632 ];
Pos( 87,:) = [ 1.016 0.00889769 0.70742 ];
Pos( 88,:) = [ 1.016 -0.249991 1.13431 ];
Pos( 89,:) = [ 1.016 -0.123423 1.0462 ];
Pos( 90,:) = [ 1.016 -0.832134 0.410973 ];
Pos( 91,:) = [ 1.016 0.260345 0.923681 ];
Pos( 92,:) = [ 1.43611 -0.057536 1.17738 ];
Pos( 93,:) = [ 1.016 0.0459127 0.943156 ];
Pos( 94,:) = [ 1.016 0.457295 0.948184 ];
Pos( 95,:) = [ 1.016 0.068491 0.7418 ];
Pos( 96,:) = [ 1.016 -1.92293 0.796176 ];
Pos( 97,:) = [ 1.48087 -0.0488224 1.21521 ];
Pos( 98,:) = [ 1.44557 -0.063133 1.18224 ];
Pos( 99,:) = [ 1.016 0.351712 0.568812 ];
Pos( 100,:) = [ 1.45496 -0.0326663 1.1899 ];
Pos( 101,:) = [ 1.016 -0.247806 0.963935 ];
Pos( 102,:) = [ 1.016 0.908695 1.08404 ];
Pos( 103,:) = [ 1.016 0.684721 1.02048 ];
Pos( 104,:) = [ 1.016 -0.00966639 1.08884 ];
Pos( 105,:) = [ 1.016 -0.554387 0.673099 ];
Pos( 106,:) = [ 1.43545 -0.0237413 1.17705 ];
Pos( 107,:) = [ 1.442 0.000563866 1.18041 ];
Pos( 108,:) = [ 1.016 0.585079 0.666302 ];
Pos( 109,:) = [ 1.016 0.150617 0.911013 ];
Pos( 110,:) = [ 1.45208 -0.0676349 1.18712 ];
Pos( 111,:) = [ 1.016 0.264654 0.518772 ];
Pos( 112,:) = [ 1.45002 -0.181788 1.18513 ];
Pos( 113,:) = [ 1.01362 -0.0304241 1.15051 ];
Pos( 114,:) = [ 1.44276 -0.0356196 1.1808 ];
Pos( 115,:) = [ 1.44062 0.0271349 1.1797 ];
Pos( 116,:) = [ 1.016 -0.153489 0.725274 ];
Pos( 117,:) = [ 1.46883 0.0714846 1.20342 ];
Pos( 118,:) = [ 1.016 0.882048 0.855601 ];
Pos( 119,:) = [ 1.45389 -0.0748767 1.18887 ];
Pos( 120,:) = [ 1.016 0.254686 0.54478 ];
Pos( 121,:) = [ 1.48389 -0.102628 1.21817 ];
Pos( 122,:) = [ 1.016 0.219735 0.961228 ];
Pos( 123,:) = [ 1.016 -0.0546858 1.13222 ];
Pos( 124,:) = [ 1.44876 0.137665 1.1839 ];
Pos( 125,:) = [ 1.016 -0.391973 1.02303 ];
Pos( 126,:) = [ 1.016 0.373884 0.426091 ];
Pos( 127,:) = [ 1.016 0.151315 0.559127 ];
Pos( 128,:) = [ 1.43685 -0.00533895 1.17776 ];
Pos( 129,:) = [ 1.4413 -0.0116585 1.18005 ];
Pos( 130,:) = [ 1.016 0.1226 1.11251 ];
Pos( 131,:) = [ 1.016 -0.311181 1.04732 ];
Pos( 132,:) = [ 1.43024 -0.000626115 1.17437 ];
Pos( 133,:) = [ 1.4273 -0.00748328 1.17286 ];
Pos( 134,:) = [ 1.01351 -0.0392787 1.15114 ];
Pos( 135,:) = [ 1.016 -0.085641 1.12827 ];
Pos( 136,:) = [ 1.016 -0.0692412 0.582473 ];
Pos( 137,:) = [ 1.45057 -0.00199835 1.18566 ];
Pos( 138,:) = [ 1.016 0.270424 1.05322 ];
Pos( 139,:) = [ 1.016 0.321458 0.783848 ];
Pos( 140,:) = [ 1.42774 -0.0177272 1.17309 ];
Pos( 141,:) = [ 1.46269 -0.0539738 1.19741 ];
Pos( 142,:) = [ 1.4541 -0.0251094 1.18907 ];
Pos( 143,:) = [ 1.016 0.06523 1.09162 ];
Pos( 144,:) = [ 1.016 0.539254 0.888548 ];
Pos( 145,:) = [ 1.48233 -0.0433129 1.21665 ];
Pos( 146,:) = [ 1.43767 0.0376207 1.17818 ];
Pos( 147,:) = [ 1.01601 -0.235485 1.10456 ];
Pos( 148,:) = [ 1.43833 -0.0661115 1.17852 ];
Pos( 149,:) = [ 1.45233 -0.00621191 1.18736 ];
Pos( 150,:) = [ 1.45196 -0.0746046 1.187 ];
Pos( 151,:) = [ 1.45337 -0.0195777 1.18836 ];
Pos( 152,:) = [ 1.41678 0.0421545 1.16778 ];
Pos( 153,:) = [ 1.016 -0.409698 0.813488 ];
Pos( 154,:) = [ 1.46005 -0.00394702 1.19483 ];
Pos( 155,:) = [ 1.47448 -0.0357067 1.20896 ];
Pos( 156,:) = [ 1.44228 0.0340822 1.18055 ];
Pos( 157,:) = [ 1.016 -0.0519931 0.689495 ];
Pos( 158,:) = [ 1.016 0.196024 0.802944 ];
Pos( 159,:) = [ 1.41926 -0.0529543 1.16873 ];
Pos( 160,:) = [ 1.19501 -0.017622 1.1925 ];
Pos( 161,:) = [ 1.016 0.13985 0.759926 ];
Pos( 162,:) = [ 1.016 0.0599143 0.84164 ];
Pos( 163,:) = [ 1.016 0.121021 0.4648 ];
Pos( 164,:) = [ 1.45851 0.0419732 1.19334 ];
Pos( 165,:) = [ 1.41942 -0.0149696 1.16882 ];
Pos( 166,:) = [ 1.12948 -1.3692 1.00545 ];
Pos( 167,:) = [ 1.016 0.0310448 0.970509 ];
Pos( 168,:) = [ 1.43969 -0.0424403 1.17922 ];
Pos( 169,:) = [ 1.4821 0.016996 1.21642 ];
Pos( 170,:) = [ 1.4584 -0.00559174 1.19323 ];
Pos( 171,:) = [ 1.41626 0.0788332 1.16759 ];
Pos( 172,:) = [ 1.41246 0.060281 1.16629 ];
Pos( 173,:) = [ 1.43699 -0.0287052 1.17783 ];
Pos( 174,:) = [ 1.457 0.0185873 1.19187 ];
Pos( 175,:) = [ 1.016 -0.023425 1.10186 ];
Pos( 176,:) = [ 1.016 -1.01063 1.0383 ];
Pos( 177,:) = [ 1.46204 0.228587 1.19678 ];
Pos( 178,:) = [ 1.016 -0.271885 0.870332 ];
Pos( 179,:) = [ 1.41382 0.117484 1.16676 ];
Pos( 180,:) = [ 1.016 0.131533 1.13013 ];
Pos( 181,:) = [ 1.45232 -0.0109178 1.18735 ];
Pos( 182,:) = [ 1.41573 0.187161 1.16741 ];
Pos( 183,:) = [ 1.016 0.30042 0.649309 ];
