Pos( 1,:) = [ 1.50245 -3.32351e-06 1.23635 ];
Pos( 2,:) = [ 1.5021 -0.00126032 1.2336 ];
Pos( 3,:) = [ 1.50202 0.000917327 1.2333 ];
Pos( 4,:) = [ 1.50224 0.00049279 1.23415 ];
Pos( 5,:) = [ 1.50117 -0.000271624 1.2351 ];
Pos( 6,:) = [ 1.50184 0.00123434 1.23265 ];
Pos( 7,:) = [ 1.50193 -1.39456e-19 1.23585 ];
Pos( 8,:) = [ 1.50135 0.000533461 1.23528 ];
Pos( 9,:) = [ 1.49811 0.000915083 1.2321 ];
Pos( 10,:) = [ 1.50055 0.00163737 1.23449 ];
Pos( 11,:) = [ 1.50095 -0.00209289 1.22942 ];
Pos( 12,:) = [ 1.48773 0.226897 1.21859 ];
Pos( 13,:) = [ 1.49988 0.00378806 1.23384 ];
Pos( 14,:) = [ 1.50068 0.000263523 1.22844 ];
Pos( 15,:) = [ 1.48169 0.333181 1.21337 ];
Pos( 16,:) = [ 1.49869 0.000656619 1.23266 ];
Pos( 17,:) = [ 1.45685 0.852272 1.18949 ];
Pos( 18,:) = [ 1.50087 -0.00311459 1.22912 ];
Pos( 19,:) = [ 1.50016 -0.00101462 1.22656 ];
Pos( 20,:) = [ 1.50128 -0.00118673 1.23061 ];
Pos( 21,:) = [ 1.50079 0.00237016 1.22884 ];
Pos( 22,:) = [ 1.49926 0.00192692 1.23323 ];
Pos( 23,:) = [ 1.45465 0.903835 1.18115 ];
Pos( 24,:) = [ 1.4699 0.53416 1.20019 ];
Pos( 25,:) = [ 1.50064 -0.0338108 1.2283 ];
Pos( 26,:) = [ 1.49937 0.00385109 1.22368 ];
Pos( 27,:) = [ 1.36069 2.71875 1.08963 ];
Pos( 28,:) = [ 1.49883 -0.0069334 1.22173 ];
Pos( 29,:) = [ 1.49971 0.00136082 1.22492 ];
Pos( 30,:) = [ 1.49936 -0.000902644 1.22365 ];
Pos( 31,:) = [ 1.49738 0.0030556 1.21594 ];
Pos( 32,:) = [ 1.49911 -0.00326732 1.22276 ];
Pos( 33,:) = [ 1.50013 -0.00183933 1.22644 ];
Pos( 34,:) = [ 1.44079 1.15701 1.16932 ];
Pos( 35,:) = [ 1.49869 -0.00214309 1.22121 ];
Pos( 36,:) = [ 1.49886 -0.00676038 1.22183 ];
Pos( 37,:) = [ 1.46075 0.722139 1.18898 ];
Pos( 38,:) = [ 1.49903 0.00480039 1.22245 ];
Pos( 39,:) = [ 1.49593 0.00582421 1.22996 ];
Pos( 40,:) = [ 1.49932 0.000427059 1.22349 ];
Pos( 41,:) = [ 1.49993 -0.000109108 1.2257 ];
Pos( 42,:) = [ 1.49943 0.000402448 1.22389 ];
Pos( 43,:) = [ 1.49525 0.0283567 1.22212 ];
Pos( 44,:) = [ 1.49975 -0.00390136 1.22505 ];
Pos( 45,:) = [ 1.45155 0.898414 1.17499 ];
Pos( 46,:) = [ 1.49742 0.00196428 1.21619 ];
Pos( 47,:) = [ 1.49749 -0.00181793 1.21662 ];
Pos( 48,:) = [ 1.49827 -0.000969545 1.21971 ];
Pos( 49,:) = [ 1.49878 -0.0629783 1.22153 ];
Pos( 50,:) = [ 1.44997 0.937587 1.17351 ];
Pos( 51,:) = [ 1.49781 0.000240656 1.21802 ];
Pos( 52,:) = [ 1.49737 -0.00557446 1.2159 ];
Pos( 53,:) = [ 1.45936 0.761286 1.18259 ];
Pos( 54,:) = [ 1.49958 -0.0450797 1.22446 ];
Pos( 55,:) = [ 1.49697 -0.0038932 1.2136 ];
Pos( 56,:) = [ 1.49783 -0.00757164 1.21811 ];
Pos( 57,:) = [ 1.49837 -0.0172481 1.22007 ];
Pos( 58,:) = [ 1.4977 0.0002936 1.21762 ];
Pos( 59,:) = [ 1.49877 -0.134299 1.2215 ];
Pos( 60,:) = [ 1.49783 -0.00498118 1.21809 ];
Pos( 61,:) = [ 1.28448 4.21275 1.0098 ];
Pos( 62,:) = [ 1.49829 -0.000708762 1.21976 ];
Pos( 63,:) = [ 1.50069 -0.158167 1.22847 ];
Pos( 64,:) = [ 1.49807 -0.0172404 1.21899 ];
Pos( 65,:) = [ 1.49775 0.000368092 1.21782 ];
Pos( 66,:) = [ 1.49889 -0.0486943 1.22196 ];
Pos( 67,:) = [ 1.49834 -0.00479137 1.21997 ];
Pos( 68,:) = [ 1.49797 -0.00188934 1.2186 ];
Pos( 69,:) = [ 1.35618 2.75718 1.08621 ];
Pos( 70,:) = [ 1.50002 -0.0965832 1.22603 ];
Pos( 71,:) = [ 1.49708 0.00524118 1.21424 ];
Pos( 72,:) = [ 1.49761 -0.00697253 1.21726 ];
Pos( 73,:) = [ 1.49856 -0.0206093 1.22076 ];
Pos( 74,:) = [ 1.49732 -0.00042171 1.2156 ];
Pos( 75,:) = [ 1.49791 -0.00172301 1.21839 ];
Pos( 76,:) = [ 1.49756 -0.00294056 1.21701 ];
Pos( 77,:) = [ 1.49664 0.0109276 1.21057 ];
Pos( 78,:) = [ 1.45933 0.736894 1.18152 ];
Pos( 79,:) = [ 1.49759 -0.00275216 1.21717 ];
Pos( 80,:) = [ 1.4988 -0.0283076 1.22161 ];
Pos( 81,:) = [ 1.49891 -0.118962 1.22867 ];
Pos( 82,:) = [ 1.48331 0.278565 1.2066 ];
Pos( 83,:) = [ 1.49799 -0.0904297 1.2187 ];
Pos( 84,:) = [ 1.44478 0.995267 1.16406 ];
Pos( 85,:) = [ 1.45087 0.901472 1.16792 ];
Pos( 86,:) = [ 1.41298 1.60432 1.13128 ];
Pos( 87,:) = [ 1.49704 -0.00283825 1.21401 ];
Pos( 88,:) = [ 1.49661 0.00292754 1.20892 ];
Pos( 89,:) = [ 1.42685 1.39764 1.14369 ];
Pos( 90,:) = [ 1.44928 0.91226 1.16906 ];
Pos( 91,:) = [ 1.49789 -0.0686609 1.21832 ];
Pos( 92,:) = [ 1.49659 -0.000569018 1.20801 ];
Pos( 93,:) = [ 1.49698 -0.00607811 1.21366 ];
Pos( 94,:) = [ 1.28183 4.24444 1.00053 ];
Pos( 95,:) = [ 1.43716 1.16798 1.15402 ];
Pos( 96,:) = [ 1.49846 -0.087325 1.2204 ];
Pos( 97,:) = [ 1.41406 1.5935 1.13765 ];
Pos( 98,:) = [ 1.39982 1.93242 1.1152 ];
Pos( 99,:) = [ 1.49663 -0.00262141 1.20982 ];
Pos( 100,:) = [ 1.44885 0.918394 1.16561 ];
Pos( 101,:) = [ 1.49664 0.000672385 1.21048 ];
Pos( 102,:) = [ 1.49694 0.00131845 1.21341 ];
Pos( 103,:) = [ 1.49664 0.00380032 1.20633 ];
Pos( 104,:) = [ 1.48713 0.183563 1.20394 ];
Pos( 105,:) = [ 1.49716 -0.0135679 1.21469 ];
Pos( 106,:) = [ 1.4967 -0.00129587 1.21208 ];
Pos( 107,:) = [ 1.49692 0.000570723 1.21331 ];
Pos( 108,:) = [ 1.49658 0.00968586 1.20757 ];
Pos( 109,:) = [ 1.49679 -0.0347554 1.2126 ];
Pos( 110,:) = [ 1.49729 -0.0319146 1.21546 ];
Pos( 111,:) = [ 1.49816 -0.0881776 1.21932 ];
Pos( 112,:) = [ 1.41219 1.6775 1.12813 ];
Pos( 113,:) = [ 1.42544 1.21949 1.15595 ];
Pos( 114,:) = [ 1.45343 0.867617 1.17139 ];
Pos( 115,:) = [ 1.4439 1.05433 1.1611 ];
Pos( 116,:) = [ 1.49698 -0.00560917 1.21366 ];
Pos( 117,:) = [ 1.45835 0.745189 1.17724 ];
Pos( 118,:) = [ 1.49664 0.000102719 1.21054 ];
Pos( 119,:) = [ 1.49682 0.00245447 1.21276 ];
Pos( 120,:) = [ 1.49666 0.00844075 1.20606 ];
Pos( 121,:) = [ 1.45546 0.777587 1.17939 ];
Pos( 122,:) = [ 1.49663 -0.000275062 1.20996 ];
Pos( 123,:) = [ 1.49691 0.0025748 1.21325 ];
Pos( 124,:) = [ 1.49666 -0.0567537 1.21141 ];
Pos( 125,:) = [ 1.49665 -0.0395211 1.21075 ];
Pos( 126,:) = [ 1.49668 0.00507931 1.20575 ];
Pos( 127,:) = [ 1.49682 -0.000884166 1.20352 ];
Pos( 128,:) = [ 1.49703 0.00526675 1.20121 ];
Pos( 129,:) = [ 1.35061 2.86797 1.06371 ];
Pos( 130,:) = [ 1.4267 1.38542 1.13851 ];
Pos( 131,:) = [ 1.49663 -0.0267529 1.21006 ];
Pos( 132,:) = [ 1.49659 0.000634524 1.20799 ];
Pos( 133,:) = [ 1.49658 -0.0407096 1.20748 ];
Pos( 134,:) = [ 1.49663 3.56996e-06 1.20645 ];
Pos( 135,:) = [ 1.47283 0.336083 1.1951 ];
Pos( 136,:) = [ 1.49669 -0.00282747 1.2056 ];
Pos( 137,:) = [ 1.49661 -0.00532716 1.20874 ];
Pos( 138,:) = [ 1.49658 -0.0214014 1.20767 ];
Pos( 139,:) = [ 1.48249 0.233672 1.1951 ];
Pos( 140,:) = [ 1.49661 -0.00781295 1.209 ];
Pos( 141,:) = [ 1.49473 0.0165265 1.20819 ];
Pos( 142,:) = [ 1.4966 0.00406219 1.20699 ];
Pos( 143,:) = [ 1.49674 0.00163914 1.20477 ];
Pos( 144,:) = [ 1.49661 -0.000784506 1.20889 ];
Pos( 145,:) = [ 1.49658 -0.00334616 1.20742 ];
Pos( 146,:) = [ 1.49661 0.000257006 1.20879 ];
Pos( 147,:) = [ 1.49667 -0.005954 1.20597 ];
Pos( 148,:) = [ 1.49668 -7.2015e-05 1.20574 ];
Pos( 149,:) = [ 1.46694 0.564374 1.17907 ];
Pos( 150,:) = [ 1.49661 -0.00156058 1.20889 ];
Pos( 151,:) = [ 1.48957 0.0821095 1.20078 ];
Pos( 152,:) = [ 1.49664 -0.0168025 1.21068 ];
Pos( 153,:) = [ 1.46465 0.620084 1.17728 ];
Pos( 154,:) = [ 1.49661 -0.00159123 1.20901 ];
Pos( 155,:) = [ 1.44611 0.9868 1.16051 ];
Pos( 156,:) = [ 1.49663 -0.0108785 1.20988 ];
Pos( 157,:) = [ 1.46664 0.559955 1.17674 ];
Pos( 158,:) = [ 1.49713 -0.000265049 1.20026 ];
Pos( 159,:) = [ 1.49664 0.00507381 1.20638 ];
Pos( 160,:) = [ 1.49658 -0.00484776 1.20745 ];
Pos( 161,:) = [ 1.49659 -0.00197893 1.20712 ];
Pos( 162,:) = [ 1.49674 0.00526006 1.20485 ];
Pos( 163,:) = [ 1.38485 2.18204 1.09721 ];
Pos( 164,:) = [ 1.49658 -0.00206252 1.20741 ];
Pos( 165,:) = [ 1.39821 1.96355 1.11076 ];
Pos( 166,:) = [ 1.49717 -0.0704513 1.21476 ];
Pos( 167,:) = [ 1.45342 0.818132 1.16421 ];
Pos( 168,:) = [ 1.42713 1.37406 1.135 ];
Pos( 169,:) = [ 1.4968 0.0013387 1.20397 ];
Pos( 170,:) = [ 1.49699 -0.00625374 1.20161 ];
Pos( 171,:) = [ 1.49684 -0.001722 1.20328 ];
Pos( 172,:) = [ 1.49696 -0.00128558 1.20187 ];
Pos( 173,:) = [ 1.49727 -0.00149444 1.19886 ];
Pos( 174,:) = [ 1.46271 0.664299 1.17055 ];
Pos( 175,:) = [ 1.4968 -0.10357 1.20388 ];
Pos( 176,:) = [ 1.35109 2.9084 1.05713 ];
Pos( 177,:) = [ 1.49692 -0.00194432 1.20229 ];
Pos( 178,:) = [ 1.4969 -0.0345458 1.20252 ];
