Pos( 1,:) = [ -0.847139 1.05428 0.0563958 ];
Pos( 2,:) = [ -0.847139 1.05428 0.0563958 ];
Pos( 3,:) = [ -0.847139 1.05428 0.0563958 ];
Pos( 4,:) = [ -0.847139 1.05428 0.0563958 ];
Pos( 5,:) = [ -0.847139 1.05428 0.0563958 ];
Pos( 6,:) = [ -0.847139 1.05428 0.0563958 ];
Pos( 7,:) = [ -0.847139 1.05428 0.0563958 ];
Pos( 8,:) = [ -0.847139 1.05428 0.0563958 ];
Pos( 9,:) = [ -0.847139 1.05428 0.0563958 ];
Pos( 10,:) = [ -0.847139 1.05428 0.0563958 ];
Pos( 11,:) = [ -0.847139 1.05428 0.0563958 ];
Pos( 12,:) = [ -0.847139 1.05428 0.0563958 ];
Pos( 13,:) = [ -0.847139 1.05428 0.0563958 ];
Pos( 14,:) = [ -0.847139 1.05428 0.0563958 ];
Pos( 15,:) = [ -0.847139 1.05428 0.0563958 ];
Pos( 16,:) = [ -0.847139 1.05428 0.0563958 ];
Pos( 17,:) = [ -0.847139 1.05428 0.0563958 ];
Pos( 18,:) = [ -0.847139 1.05428 0.0563958 ];
Pos( 19,:) = [ -0.847139 1.05428 0.0563958 ];
Pos( 20,:) = [ -0.847139 1.05428 0.0563958 ];
Pos( 21,:) = [ -0.847139 1.05428 0.0563958 ];
Pos( 22,:) = [ -0.847139 1.05428 0.0563958 ];
Pos( 23,:) = [ -0.847139 1.05428 0.0563958 ];
Pos( 24,:) = [ -0.847139 1.05428 0.0563958 ];
Pos( 25,:) = [ -0.847139 1.05428 0.0563958 ];
Pos( 26,:) = [ -0.847139 1.05428 0.0563958 ];
Pos( 27,:) = [ -0.847139 1.05428 0.0563958 ];
Pos( 28,:) = [ -0.847139 1.05428 0.0563958 ];
Pos( 29,:) = [ -0.847139 1.05428 0.0563958 ];
Pos( 30,:) = [ -0.847139 1.05428 0.0563958 ];
Pos( 31,:) = [ -0.847139 1.05428 0.0563958 ];
Pos( 32,:) = [ -0.847139 1.05428 0.0563958 ];
Pos( 33,:) = [ -0.847139 1.05428 0.0563958 ];
Pos( 34,:) = [ -0.847139 1.05428 0.0563958 ];
Pos( 35,:) = [ -0.847139 1.05428 0.0563958 ];
Pos( 36,:) = [ -0.847139 1.05428 0.0563958 ];
Pos( 37,:) = [ -0.847139 1.05428 0.0563958 ];
Pos( 38,:) = [ -0.847139 1.05428 0.0563958 ];
Pos( 39,:) = [ -0.847139 1.05428 0.0563958 ];
Pos( 40,:) = [ -0.847139 1.05428 0.0563958 ];
Pos( 41,:) = [ -0.847139 1.05428 0.0563958 ];
Pos( 42,:) = [ -0.847139 1.05428 0.0563958 ];
Pos( 43,:) = [ -0.847139 1.05428 0.0563958 ];
Pos( 44,:) = [ -0.847139 1.05428 0.0563958 ];
Pos( 45,:) = [ -0.847139 1.05428 0.0563958 ];
Pos( 46,:) = [ -0.847139 1.05428 0.0563958 ];
Pos( 47,:) = [ -0.847139 1.05428 0.0563958 ];
Pos( 48,:) = [ -0.847139 1.05428 0.0563958 ];
Pos( 49,:) = [ -0.847139 1.05428 0.0563958 ];
Pos( 50,:) = [ -0.847139 1.05428 0.0563958 ];
Pos( 51,:) = [ -0.847139 1.05428 0.0563958 ];
Pos( 52,:) = [ -0.847139 1.05428 0.0563958 ];
Pos( 53,:) = [ -0.847139 1.05428 0.0563958 ];
Pos( 54,:) = [ -0.847139 1.05428 0.0563958 ];
Pos( 55,:) = [ -0.847139 1.05428 0.0563958 ];
Pos( 56,:) = [ -0.847139 1.05428 0.0563958 ];
Pos( 57,:) = [ -0.847139 1.05428 0.0563958 ];
Pos( 58,:) = [ -0.847139 1.05428 0.0563958 ];
Pos( 59,:) = [ -0.847139 1.05428 0.0563958 ];
Pos( 60,:) = [ -0.847139 1.05428 0.0563958 ];
Pos( 61,:) = [ -0.847139 1.05428 0.0563958 ];
Pos( 62,:) = [ -0.847139 1.05428 0.0563958 ];
Pos( 63,:) = [ -0.847139 1.05428 0.0563958 ];
Pos( 64,:) = [ -0.847139 1.05428 0.0563958 ];
Pos( 65,:) = [ -0.847139 1.05428 0.0563958 ];
Pos( 66,:) = [ -0.847139 1.05428 0.0563958 ];
Pos( 67,:) = [ -0.847139 1.05428 0.0563958 ];
Pos( 68,:) = [ -0.847139 1.05428 0.0563958 ];
Pos( 69,:) = [ -0.847139 1.05428 0.0563958 ];
Pos( 70,:) = [ -0.847139 1.05428 0.0563958 ];
Pos( 71,:) = [ -0.847139 1.05428 0.0563958 ];
Pos( 72,:) = [ -0.847139 1.05428 0.0563958 ];
Pos( 73,:) = [ -0.847139 1.05428 0.0563958 ];
Pos( 74,:) = [ -0.847139 1.05428 0.0563958 ];
Pos( 75,:) = [ -0.847139 1.05428 0.0563958 ];
Pos( 76,:) = [ -0.847139 1.05428 0.0563958 ];
Pos( 77,:) = [ -0.847139 1.05428 0.0563958 ];
Pos( 78,:) = [ -0.847139 1.05428 0.0563958 ];
Pos( 79,:) = [ -0.847139 1.05428 0.0563958 ];
Pos( 80,:) = [ -0.847139 1.05428 0.0563958 ];
Pos( 81,:) = [ -0.847139 1.05428 0.0563958 ];
Pos( 82,:) = [ -0.847139 1.05428 0.0563958 ];
Pos( 83,:) = [ -0.847139 1.05428 0.0563958 ];
Pos( 84,:) = [ -0.847139 1.05428 0.0563958 ];
Pos( 85,:) = [ -0.847139 1.05428 0.0563958 ];
Pos( 86,:) = [ -0.847139 1.05428 0.0563958 ];
Pos( 87,:) = [ -0.847139 1.05428 0.0563958 ];
Pos( 88,:) = [ -0.847139 1.05428 0.0563958 ];
Pos( 89,:) = [ -0.847139 1.05428 0.0563958 ];
Pos( 90,:) = [ -0.847139 1.05428 0.0563958 ];
Pos( 91,:) = [ -0.847139 1.05428 0.0563958 ];
Pos( 92,:) = [ -0.847139 1.05428 0.0563958 ];
Pos( 93,:) = [ -0.847139 1.05428 0.0563958 ];
Pos( 94,:) = [ -0.847139 1.05428 0.0563958 ];
Pos( 95,:) = [ -0.847139 1.05428 0.0563958 ];
Pos( 96,:) = [ -0.847139 1.05428 0.0563958 ];
Pos( 97,:) = [ -0.847139 1.05428 0.0563958 ];
Pos( 98,:) = [ -0.847139 1.05428 0.0563958 ];
Pos( 99,:) = [ -0.847139 1.05428 0.0563958 ];
Pos( 100,:) = [ -0.847139 1.05428 0.0563958 ];
