Pos( 1,:) = [ 1.44 0 1.15 ];
