Pos( 1,:) = [ 2.23509 -0.0688484 0.733236 ];
Pos( 2,:) = [ 1.50015 0.0552249 1.16213 ];
Pos( 3,:) = [ 1.49847 0.0104872 1.13695 ];
Pos( 4,:) = [ 1.49686 -0.0166047 1.20291 ];
Pos( 5,:) = [ 1.43615 -0.00141818 1.1774 ];
Pos( 6,:) = [ 1.49876 0.000216151 1.14595 ];
Pos( 7,:) = [ 1.49898 0.00913046 1.14856 ];
Pos( 8,:) = [ 1.49826 -0.157516 1.18929 ];
Pos( 9,:) = [ 1.49796 -0.00587376 1.12141 ];
Pos( 10,:) = [ 2.18336 -2.23015 -0.854372 ];
Pos( 11,:) = [ 2.14857 1.00996 -0.323968 ];
Pos( 12,:) = [ 1.49855 0.0207329 1.13931 ];
Pos( 13,:) = [ 1.44696 -0.0261814 1.18295 ];
Pos( 14,:) = [ 1.49859 0.0311211 1.18602 ];
Pos( 15,:) = [ 1.4975 0.0992899 1.19661 ];
Pos( 16,:) = [ 1.49922 -0.0276313 1.15137 ];
Pos( 17,:) = [ 1.49966 0.00375969 1.15649 ];
Pos( 18,:) = [ 1.46213 -0.00430537 1.19686 ];
Pos( 19,:) = [ 1.50009 0.0141243 1.17148 ];
Pos( 20,:) = [ 1.016 -0.379873 -0.0407762 ];
Pos( 21,:) = [ 1.51761 -0.192062 1.11151 ];
Pos( 22,:) = [ 1.49735 -0.0827995 1.21578 ];
Pos( 23,:) = [ 1.49857 0.0280046 1.14003 ];
Pos( 24,:) = [ 1.016 0.23886 0.668513 ];
Pos( 25,:) = [ 1.43728 0.0310312 1.17798 ];
Pos( 26,:) = [ 1.49825 0.0338381 1.1302 ];
Pos( 27,:) = [ 1.44158 -0.023162 1.18019 ];
Pos( 28,:) = [ 1.016 0.57817 0.42559 ];
Pos( 29,:) = [ 1.016 -0.66096 0.905591 ];
Pos( 30,:) = [ 1.49917 -0.00283917 1.15077 ];
Pos( 31,:) = [ 1.016 -2.13311 0.554248 ];
Pos( 32,:) = [ 1.47327 0.00545851 1.20777 ];
Pos( 33,:) = [ 1.46125 0.0174676 1.196 ];
Pos( 34,:) = [ 1.49703 -0.00704392 1.20123 ];
Pos( 35,:) = [ 1.5002 0.0383957 1.17037 ];
Pos( 36,:) = [ 1.49929 -0.0328521 1.17918 ];
Pos( 37,:) = [ 1.49824 0.00655603 1.13005 ];
Pos( 38,:) = [ 1.49737 0.0037988 1.19794 ];
Pos( 39,:) = [ 1.45164 -0.0442746 1.18669 ];
Pos( 40,:) = [ 1.49802 -0.056958 1.12304 ];
Pos( 41,:) = [ 1.49835 -0.042764 1.13326 ];
Pos( 42,:) = [ 1.49862 0.037403 1.14171 ];
Pos( 43,:) = [ 2.33091 -1.21118 -0.499757 ];
Pos( 44,:) = [ 1.44627 0.0255737 1.1826 ];
Pos( 45,:) = [ 1.49779 0.0416494 1.19381 ];
Pos( 46,:) = [ 1.01601 0.644592 1.10335 ];
Pos( 47,:) = [ 1.49826 -0.0309286 1.13052 ];
Pos( 48,:) = [ 2.1625 0.883468 -0.904508 ];
Pos( 49,:) = [ 1.49854 0.0275421 1.18658 ];
Pos( 50,:) = [ 1.43698 0.0140227 1.17783 ];
Pos( 51,:) = [ 2.09839 0.34478 1.01699 ];
Pos( 52,:) = [ 1.47241 0.0466329 1.20693 ];
Pos( 53,:) = [ 1.016 0.779105 0.855303 ];
Pos( 54,:) = [ 1.44821 0.0147758 1.1836 ];
Pos( 55,:) = [ 1.42642 -0.546791 -1.10419 ];
Pos( 56,:) = [ 1.50045 0.0326038 1.16558 ];
Pos( 57,:) = [ 1.51536 -0.993586 1.11243 ];
Pos( 58,:) = [ 1.49867 0.0506146 1.14305 ];
Pos( 59,:) = [ 1.49844 -0.00945712 1.136 ];
Pos( 60,:) = [ 1.49843 0.00290503 1.13573 ];
Pos( 61,:) = [ 1.50024 -0.00604944 1.16321 ];
Pos( 62,:) = [ 1.49872 0.108574 1.14472 ];
Pos( 63,:) = [ 1.4987 -0.00554424 1.14393 ];
Pos( 64,:) = [ 1.69899 0.0218375 1.077 ];
Pos( 65,:) = [ 1.49856 -0.0760152 1.18631 ];
Pos( 66,:) = [ 1.65863 1.72087 -0.670403 ];
Pos( 67,:) = [ 1.49996 -0.0183032 1.15991 ];
Pos( 68,:) = [ 1.19797 -0.277511 1.19452 ];
Pos( 69,:) = [ 1.016 1.92226 0.548204 ];
Pos( 70,:) = [ 1.42443 -0.0158055 1.17139 ];
Pos( 71,:) = [ 1.5003 -0.00136675 1.16382 ];
Pos( 72,:) = [ 1.49664 0.0735735 1.21056 ];
Pos( 73,:) = [ 1.42507 0.010389 1.17172 ];
Pos( 74,:) = [ 1.26283 -0.917617 -1.36303 ];
Pos( 75,:) = [ 1.48071 1.11966 -1.25 ];
Pos( 76,:) = [ 1.49911 0.00478016 1.181 ];
Pos( 77,:) = [ 1.4986 -0.0348148 1.14093 ];
Pos( 78,:) = [ 1.49658 -0.0554608 1.20746 ];
Pos( 79,:) = [ 1.49907 0.0458047 1.18133 ];
Pos( 80,:) = [ 1.43842 -0.0394463 1.17857 ];
Pos( 81,:) = [ 1.49875 0.0394437 1.14557 ];
Pos( 82,:) = [ 1.5 0.0492434 1.16037 ];
Pos( 83,:) = [ 1.016 0.387467 -0.220136 ];
Pos( 84,:) = [ 1.49802 -0.00977736 1.12305 ];
Pos( 85,:) = [ 1.49972 0.00307908 1.17503 ];
Pos( 86,:) = [ 1.50018 -0.00240661 1.17053 ];
Pos( 87,:) = [ 1.5004 0.016694 1.16506 ];
Pos( 88,:) = [ 1.49854 -0.0131674 1.13915 ];
Pos( 89,:) = [ 1.49859 -0.0132179 1.14073 ];
Pos( 90,:) = [ 1.49815 0.0409427 1.12718 ];
Pos( 91,:) = [ 2.1905 -0.450974 0.841383 ];
Pos( 92,:) = [ 1.49852 0.0681476 1.13851 ];
Pos( 93,:) = [ 1.49932 0.00672902 1.15254 ];
Pos( 94,:) = [ 1.49736 0.085653 1.19802 ];
Pos( 95,:) = [ 1.50941 -0.0635715 1.11486 ];
Pos( 96,:) = [ 2.32853 -0.263755 -0.505499 ];
Pos( 97,:) = [ 1.49976 -0.0123251 1.17469 ];
Pos( 98,:) = [ 1.49896 -0.00641643 1.14833 ];
Pos( 99,:) = [ 1.48024 0.093134 1.2146 ];
Pos( 100,:) = [ 1.49794 -0.000746199 1.12072 ];
Pos( 101,:) = [ 1.49806 -0.00471876 1.12442 ];
Pos( 102,:) = [ 1.49867 0.00938683 1.18524 ];
Pos( 103,:) = [ 1.50016 0.0148858 1.1708 ];
Pos( 104,:) = [ 1.43895 0.0455716 1.17884 ];
Pos( 105,:) = [ 1.4983 0.00247711 1.13172 ];
Pos( 106,:) = [ 2.16143 -1.30436 0.91192 ];
Pos( 107,:) = [ 2.30367 0.750526 0.566865 ];
Pos( 108,:) = [ 1.016 0.489003 0.626995 ];
Pos( 109,:) = [ 1.22234 -0.253567 1.218 ];
Pos( 110,:) = [ 1.49726 -0.0134609 1.19898 ];
Pos( 111,:) = [ 1.49836 0.105162 1.13366 ];
Pos( 112,:) = [ 1.50001 -0.0205967 1.16055 ];
Pos( 113,:) = [ 1.43081 -0.00513836 1.17466 ];
Pos( 114,:) = [ 2.35232 -0.309493 0.144906 ];
Pos( 115,:) = [ 1.49746 -0.000840384 1.19705 ];
Pos( 116,:) = [ 2.13156 -0.0437054 0.984359 ];
Pos( 117,:) = [ 1.4986 -0.0145054 1.14091 ];
Pos( 118,:) = [ 1.5005 -0.0128401 1.16618 ];
Pos( 119,:) = [ 1.50034 0.0379139 1.16429 ];
Pos( 120,:) = [ 1.49966 -0.0581896 1.1756 ];
Pos( 121,:) = [ 1.49838 -0.00282588 1.13411 ];
Pos( 122,:) = [ 1.49902 0.0275807 1.14907 ];
Pos( 123,:) = [ 1.016 0.462003 -0.250733 ];
Pos( 124,:) = [ 1.49875 -0.0106805 1.14554 ];
Pos( 125,:) = [ 1.41146 -0.0162417 1.16594 ];
Pos( 126,:) = [ 2.19369 -0.268004 0.833662 ];
Pos( 127,:) = [ 1.66919 -0.188266 -1.25 ];
Pos( 128,:) = [ 1.4989 0.0557326 1.14763 ];
Pos( 129,:) = [ 1.46064 -0.0032815 1.1954 ];
Pos( 130,:) = [ 1.016 0.14643 1.05306 ];
Pos( 131,:) = [ 1.49862 -0.0206204 1.14163 ];
Pos( 132,:) = [ 1.50029 -0.00331847 1.16948 ];
Pos( 133,:) = [ 2.21461 0.830706 -0.779272 ];
Pos( 134,:) = [ 1.50031 0.00853656 1.16399 ];
Pos( 135,:) = [ 1.91262 -0.22128 -0.687703 ];
Pos( 136,:) = [ 1.44796 0.069368 1.18347 ];
Pos( 137,:) = [ 1.49889 -0.02956 1.14759 ];
Pos( 138,:) = [ 1.016 1.72911 -0.045917 ];
Pos( 139,:) = [ 1.49797 0.0297819 1.12177 ];
Pos( 140,:) = [ 1.016 0.892871 0.755427 ];
Pos( 141,:) = [ 1.49856 0.0269963 1.13959 ];
Pos( 142,:) = [ 1.4994 -0.0682243 1.1535 ];
Pos( 143,:) = [ 1.2839 0.612071 -0.750974 ];
Pos( 144,:) = [ 1.49769 0.0146514 1.19483 ];
Pos( 145,:) = [ 1.49802 0.00896786 1.12329 ];
Pos( 146,:) = [ 1.50012 -0.0315106 1.17117 ];
Pos( 147,:) = [ 1.49836 -0.0346405 1.13352 ];
Pos( 148,:) = [ 1.49876 0.0131069 1.14581 ];
Pos( 149,:) = [ 2.19521 -0.131923 0.829964 ];
Pos( 150,:) = [ 1.49938 0.0242916 1.15319 ];
Pos( 151,:) = [ 1.50038 0.0499041 1.16484 ];
Pos( 152,:) = [ 1.4989 -0.0830264 1.18303 ];
Pos( 153,:) = [ 2.27107 -0.804458 0.64596 ];
Pos( 154,:) = [ 1.016 0.325216 0.985872 ];
Pos( 155,:) = [ 1.49568 -0.0306552 1.22972 ];
Pos( 156,:) = [ 1.49853 0.012585 1.13882 ];
Pos( 157,:) = [ 1.016 0.180794 0.635214 ];
Pos( 158,:) = [ 1.49894 0.0373232 1.14812 ];
Pos( 159,:) = [ 1.50002 -0.00862275 1.16068 ];
Pos( 160,:) = [ 1.45004 -0.010755 1.18514 ];
Pos( 161,:) = [ 2.20256 -0.512852 0.812145 ];
Pos( 162,:) = [ 1.016 -0.261091 0.36326 ];
Pos( 163,:) = [ 1.40384 -1.26718 1.16436 ];
Pos( 164,:) = [ 1.49988 0.0364238 1.15906 ];
Pos( 165,:) = [ 1.50055 0.172376 1.16673 ];
Pos( 166,:) = [ 1.49843 0.0134029 1.13569 ];
Pos( 167,:) = [ 1.49923 0.00964577 1.15154 ];
Pos( 168,:) = [ 1.016 0.0196733 1.01733 ];
Pos( 169,:) = [ 1.67077 -0.0783752 1.077 ];
Pos( 170,:) = [ 1.49736 0.00243918 1.19805 ];
Pos( 171,:) = [ 1.54369 1.12018 0.50227 ];
Pos( 172,:) = [ 1.55752 0.179104 -0.508823 ];
Pos( 173,:) = [ 1.016 -1.92834 -0.309924 ];
Pos( 174,:) = [ 1.4983 0.0331084 1.1318 ];
Pos( 175,:) = [ 1.016 1.32641 0.611938 ];
Pos( 176,:) = [ 1.46423 -0.214936 -1.25 ];
Pos( 177,:) = [ 1.49937 -0.0371251 1.15306 ];
Pos( 178,:) = [ 1.40726 2.47789 -1.25 ];
Pos( 179,:) = [ 1.498 -0.0132481 1.19182 ];
Pos( 180,:) = [ 1.49904 0.0253491 1.18164 ];
