Pos( 1,:) = [ 1.50252 -3.09904e-19 1.23642 ];
Pos( 2,:) = [ 1.50168 -0.000337821 1.2356 ];
Pos( 3,:) = [ 1.016 0.307034 0.700377 ];
Pos( 4,:) = [ 1.016 0.307034 0.700377 ];
Pos( 5,:) = [ 1.50157 -0.000174326 1.23549 ];
Pos( 6,:) = [ 1.016 0.477709 0.334844 ];
Pos( 7,:) = [ 1.50193 -1.39456e-19 1.23585 ];
Pos( 8,:) = [ 1.50135 0.000533461 1.23528 ];
Pos( 9,:) = [ 1.49944 0.000808535 1.2334 ];
Pos( 10,:) = [ 1.50096 0.00177599 1.23489 ];
Pos( 11,:) = [ 1.49708 -0.00346144 1.23109 ];
Pos( 12,:) = [ 1.49781 0.000106558 1.2318 ];
Pos( 13,:) = [ 1.50042 0.0039629 1.23437 ];
Pos( 14,:) = [ 1.49738 0.000234034 1.23138 ];
Pos( 15,:) = [ 1.49758 0.000625345 1.23158 ];
Pos( 16,:) = [ 1.4992 0.00065598 1.23316 ];
Pos( 17,:) = [ 1.49948 0.00231173 1.23344 ];
Pos( 18,:) = [ 1.49708 -0.00346144 1.23109 ];
Pos( 19,:) = [ 1.47641 -0.00648927 1.21084 ];
Pos( 20,:) = [ 1.49888 -0.00125753 1.23285 ];
Pos( 21,:) = [ 1.016 0.737064 0.502158 ];
Pos( 22,:) = [ 1.49926 0.00192693 1.23323 ];
Pos( 23,:) = [ 1.49515 0.0179042 1.2292 ];
Pos( 24,:) = [ 1.49516 0.00169728 1.22921 ];
Pos( 25,:) = [ 1.49534 -0.00401099 1.22938 ];
Pos( 26,:) = [ 1.49429 0.00417221 1.22836 ];
Pos( 27,:) = [ 1.49593 0.00582421 1.22996 ];
Pos( 28,:) = [ 1.49429 -0.00417221 1.22836 ];
Pos( 29,:) = [ 1.48817 0.00659312 1.22236 ];
Pos( 30,:) = [ 1.49307 -0.00108654 1.22716 ];
Pos( 31,:) = [ 1.49171 0.00135422 1.22583 ];
Pos( 32,:) = [ 1.49473 -0.00213066 1.22879 ];
Pos( 33,:) = [ 1.49885 -0.00179599 1.23282 ];
Pos( 34,:) = [ 1.49789 0.00585322 1.23189 ];
Pos( 35,:) = [ 1.4934 -0.00133763 1.22749 ];
Pos( 36,:) = [ 1.49331 -0.0038434 1.2274 ];
Pos( 37,:) = [ 1.49494 0.00137048 1.229 ];
Pos( 38,:) = [ 1.49133 0.00567979 1.22546 ];
Pos( 39,:) = [ 1.49593 0.00582421 1.22996 ];
Pos( 40,:) = [ 1.47942 0.00266605 1.2138 ];
Pos( 41,:) = [ 1.016 -0.176678 0.144048 ];
Pos( 42,:) = [ 1.47087 0.00422639 1.20542 ];
Pos( 43,:) = [ 1.49571 -4.94536e-19 1.22974 ];
Pos( 44,:) = [ 1.49457 -0.00868744 1.22864 ];
Pos( 45,:) = [ 1.48567 0.00547924 1.21992 ];
Pos( 46,:) = [ 1.4891 0.00210851 1.22327 ];
Pos( 47,:) = [ 1.48566 -0.00274653 1.21991 ];
Pos( 48,:) = [ 1.4836 -0.00886486 1.21789 ];
Pos( 49,:) = [ 1.49018 -0.00652703 1.22434 ];
Pos( 50,:) = [ 1.48937 0.0100047 1.22354 ];
Pos( 51,:) = [ 1.48002 0.000927186 1.21438 ];
Pos( 52,:) = [ 1.47438 -0.0239644 1.20885 ];
Pos( 53,:) = [ 1.4916 0.00777403 1.22573 ];
Pos( 54,:) = [ 1.498 -0.00383955 1.23199 ];
Pos( 55,:) = [ 1.46834 -0.0169137 1.20295 ];
Pos( 56,:) = [ 1.48961 -0.0168619 1.22378 ];
Pos( 57,:) = [ 1.48946 -0.00242833 1.22362 ];
Pos( 58,:) = [ 1.016 0.05092 0.733128 ];
Pos( 59,:) = [ 1.48001 -0.00493018 1.21437 ];
Pos( 60,:) = [ 1.48935 -0.0092089 1.22352 ];
Pos( 61,:) = [ 1.48975 0.0206328 1.22391 ];
Pos( 62,:) = [ 1.47067 -0.0212866 1.20522 ];
Pos( 63,:) = [ 1.49463 -0.00548276 1.22869 ];
Pos( 64,:) = [ 1.49631 -0.0100238 1.23034 ];
Pos( 65,:) = [ 1.49022 0.000514085 1.22438 ];
Pos( 66,:) = [ 1.49201 -0.0167535 1.22612 ];
Pos( 67,:) = [ 1.49049 -0.00825539 1.22464 ];
Pos( 68,:) = [ 1.48836 -0.00629861 1.22255 ];
Pos( 69,:) = [ 1.49327 0.0058467 1.22736 ];
Pos( 70,:) = [ 1.49345 -0.000918619 1.22753 ];
Pos( 71,:) = [ 1.48348 0.00642675 1.21777 ];
Pos( 72,:) = [ 1.49061 -0.0089043 1.22475 ];
Pos( 73,:) = [ 1.49143 -0.00724987 1.22556 ];
Pos( 74,:) = [ 1.488 -0.000557025 1.2222 ];
Pos( 75,:) = [ 1.47489 -0.0115597 1.20936 ];
Pos( 76,:) = [ 1.49027 -0.00376103 1.22442 ];
Pos( 77,:) = [ 1.48484 0.0100508 1.2191 ];
Pos( 78,:) = [ 1.49387 0.00327575 1.22794 ];
Pos( 79,:) = [ 1.46611 -0.0265776 1.20076 ];
Pos( 80,:) = [ 1.49262 -0.0202294 1.22673 ];
Pos( 81,:) = [ 1.49518 -1.82571e-18 1.22923 ];
Pos( 82,:) = [ 1.4936 0.00309628 1.22768 ];
Pos( 83,:) = [ 1.4828 -0.00537155 1.2171 ];
Pos( 84,:) = [ 1.49272 0.00574606 1.22682 ];
Pos( 85,:) = [ 1.48645 0.00813304 1.22068 ];
Pos( 86,:) = [ 1.4828 0.0047309 1.2171 ];
Pos( 87,:) = [ 1.48584 -0.0106182 1.22008 ];
Pos( 88,:) = [ 1.016 0.251513 0.797269 ];
Pos( 89,:) = [ 1.48473 0.0138682 1.219 ];
Pos( 90,:) = [ 1.49321 0.00859174 1.2273 ];
Pos( 91,:) = [ 1.49004 -0.00267174 1.22419 ];
Pos( 92,:) = [ 1.4638 -0.00342019 1.19849 ];
Pos( 93,:) = [ 1.48696 -0.0298691 1.22118 ];
Pos( 94,:) = [ 1.49065 0.0274595 1.22479 ];
Pos( 95,:) = [ 1.48415 0.0047215 1.21843 ];
Pos( 96,:) = [ 1.48943 -0.00383697 1.22359 ];
Pos( 97,:) = [ 1.49088 0.00918111 1.22502 ];
Pos( 98,:) = [ 1.4702 0.0280936 1.20477 ];
Pos( 99,:) = [ 1.47869 -0.00467552 1.21307 ];
Pos( 100,:) = [ 1.47174 0.00408459 1.20627 ];
Pos( 101,:) = [ 1.016 0.0744705 0.821055 ];
Pos( 102,:) = [ 1.48761 0.00546161 1.22181 ];
Pos( 103,:) = [ 1.45068 0.0185366 1.18576 ];
Pos( 104,:) = [ 1.47537 0.00133688 1.20983 ];
Pos( 105,:) = [ 1.4828 -0.00410641 1.2171 ];
Pos( 106,:) = [ 1.016 -0.310086 0.680587 ];
Pos( 107,:) = [ 1.016 0.205411 0.889107 ];
Pos( 108,:) = [ 1.48577 0.00662404 1.22001 ];
Pos( 109,:) = [ 1.47832 -0.0321355 1.21272 ];
Pos( 110,:) = [ 1.49387 -0.0246899 1.22795 ];
Pos( 111,:) = [ 1.49124 -0.00151976 1.22537 ];
Pos( 112,:) = [ 1.4751 0.0171777 1.20956 ];
Pos( 113,:) = [ 1.48647 0.00416598 1.22069 ];
Pos( 114,:) = [ 1.49019 0.0164731 1.22434 ];
Pos( 115,:) = [ 1.48091 0.0135883 1.21525 ];
Pos( 116,:) = [ 1.48172 -0.00777309 1.21604 ];
Pos( 117,:) = [ 1.49148 0.00716358 1.2256 ];
Pos( 118,:) = [ 1.45423 3.96653e-18 1.1892 ];
Pos( 119,:) = [ 1.016 0.701467 0.781005 ];
Pos( 120,:) = [ 1.46975 0.0204073 1.20432 ];
Pos( 121,:) = [ 1.49316 0.00599908 1.22725 ];
Pos( 122,:) = [ 1.48501 -0.000396947 1.21926 ];
Pos( 123,:) = [ 1.48732 0.00513415 1.22153 ];
Pos( 124,:) = [ 1.48047 -0.0115476 1.21483 ];
Pos( 125,:) = [ 1.48865 -0.0117156 1.22283 ];
Pos( 126,:) = [ 1.016 0.430845 0.910739 ];
Pos( 127,:) = [ 1.016 -0.0989433 0.774786 ];
Pos( 128,:) = [ 1.46226 0.0137807 1.19699 ];
Pos( 129,:) = [ 1.48493 0.0153296 1.21919 ];
Pos( 130,:) = [ 1.47242 0.016988 1.20694 ];
Pos( 131,:) = [ 1.48197 -0.0104973 1.2163 ];
Pos( 132,:) = [ 1.016 0.477679 -0.0301381 ];
Pos( 133,:) = [ 1.4726 -0.00867755 1.20711 ];
Pos( 134,:) = [ 1.016 -0.0211622 0.929848 ];
Pos( 135,:) = [ 1.48516 0.0014116 1.21942 ];
Pos( 136,:) = [ 1.45148 -0.0248369 1.18654 ];
Pos( 137,:) = [ 1.47818 -0.0238075 1.21258 ];
Pos( 138,:) = [ 1.48042 -0.000714137 1.21477 ];
Pos( 139,:) = [ 1.48314 0.00111416 1.21744 ];
Pos( 140,:) = [ 1.4667 -0.00496823 1.20133 ];
Pos( 141,:) = [ 1.47575 -0.000738168 1.2102 ];
Pos( 142,:) = [ 1.016 1.4328 0.193765 ];
Pos( 143,:) = [ 1.46116 0.00807264 1.19591 ];
Pos( 144,:) = [ 1.07056 -0.476814 0.876773 ];
Pos( 145,:) = [ 1.47688 -0.0119937 1.21131 ];
Pos( 146,:) = [ 1.4651 0.00586278 1.19977 ];
Pos( 147,:) = [ 1.016 -0.690362 0.864034 ];
Pos( 148,:) = [ 1.016 -0.0383249 0.69531 ];
Pos( 149,:) = [ 1.45863 0.0094779 1.19346 ];
Pos( 150,:) = [ 1.12756 -1.00538 0.873795 ];
Pos( 151,:) = [ 1.45362 -0.00159805 1.18861 ];
Pos( 152,:) = [ 1.48834 -0.00187848 1.22253 ];
Pos( 153,:) = [ 1.47519 0.0100376 1.20965 ];
Pos( 154,:) = [ 1.48621 -0.00704052 1.22045 ];
Pos( 155,:) = [ 1.49073 0.018207 1.22487 ];
Pos( 156,:) = [ 1.48027 -0.0427488 1.21463 ];
Pos( 157,:) = [ 1.46578 0.00373586 1.20044 ];
Pos( 158,:) = [ 1.016 -0.0411953 0.656084 ];
Pos( 159,:) = [ 1.016 0.590159 0.915562 ];
Pos( 160,:) = [ 1.48917 -0.0063732 1.22334 ];
Pos( 161,:) = [ 1.4778 -0.00855831 1.21221 ];
Pos( 162,:) = [ 1.46251 0.0182199 1.19723 ];
Pos( 163,:) = [ 1.48337 0.0127769 1.21766 ];
Pos( 164,:) = [ 1.47041 -0.0150861 1.20497 ];
Pos( 165,:) = [ 1.45182 0.12783 1.18686 ];
Pos( 166,:) = [ 1.49058 -0.00703363 1.22473 ];
Pos( 167,:) = [ 1.47483 0.00395674 1.2093 ];
Pos( 168,:) = [ 1.47475 0.0151679 1.20922 ];
Pos( 169,:) = [ 1.016 0.935897 0.426114 ];
Pos( 170,:) = [ 1.46777 -0.02473 1.20239 ];
Pos( 171,:) = [ 1.016 -0.533415 0.747751 ];
Pos( 172,:) = [ 1.016 -0.180319 0.931906 ];
Pos( 173,:) = [ 1.016 -0.453257 -0.558042 ];
Pos( 174,:) = [ 1.47302 0.00766594 1.20753 ];
Pos( 175,:) = [ 1.46138 -0.00831928 1.19612 ];
Pos( 176,:) = [ 1.016 0.71925 0.737099 ];
Pos( 177,:) = [ 1.4624 -0.0128693 1.19713 ];
