Pos( 1,:) = [ 1.50249 -1.77655e-06 1.23513 ];
Pos( 2,:) = [ 1.50249 3.51507e-07 1.23513 ];
Pos( 3,:) = [ 1.50249 -7.6807e-23 1.23513 ];
Pos( 4,:) = [ 1.50249 -6.31881e-07 1.23513 ];
Pos( 5,:) = [ 1.50249 3.41823e-23 1.23513 ];
Pos( 6,:) = [ 1.50249 2.94403e-07 1.23513 ];
Pos( 7,:) = [ 1.50249 3.47512e-06 1.23513 ];
Pos( 8,:) = [ 1.50249 -6.41318e-07 1.23513 ];
Pos( 9,:) = [ 1.50146 -2.95994e-07 1.23126 ];
Pos( 10,:) = [ 1.50123 0.000183944 1.23156 ];
Pos( 11,:) = [ 1.50128 -9.67553e-05 1.23128 ];
Pos( 12,:) = [ 1.50146 2.10485e-07 1.23126 ];
Pos( 13,:) = [ 1.50097 0.000123532 1.23115 ];
Pos( 14,:) = [ 1.50127 5.37688e-05 1.23098 ];
Pos( 15,:) = [ 1.5013 -8.39977e-05 1.23128 ];
Pos( 16,:) = [ 1.5013 0.000161487 1.23133 ];
Pos( 17,:) = [ 1.50093 0.000202297 1.23104 ];
Pos( 18,:) = [ 1.50143 -0.000202069 1.23128 ];
Pos( 19,:) = [ 1.50122 -1.58765e-05 1.23113 ];
Pos( 20,:) = [ 1.50109 0.000105126 1.23137 ];
Pos( 21,:) = [ 1.5014 -8.9028e-21 1.23128 ];
Pos( 22,:) = [ 1.5013 4.67033e-05 1.23102 ];
Pos( 23,:) = [ 1.50002 -0.000124666 1.22627 ];
Pos( 24,:) = [ 1.50005 6.38193e-05 1.2264 ];
Pos( 25,:) = [ 1.50002 0.000441357 1.22659 ];
Pos( 26,:) = [ 1.50003 -9.42688e-05 1.22631 ];
Pos( 27,:) = [ 1.49986 -4.71008e-05 1.22653 ];
Pos( 28,:) = [ 1.49959 -0.000230194 1.22649 ];
Pos( 29,:) = [ 1.50013 -2.57607e-08 1.22644 ];
Pos( 30,:) = [ 1.49991 0.000439733 1.22612 ];
Pos( 31,:) = [ 1.49994 -0.000201751 1.22647 ];
Pos( 32,:) = [ 1.49997 -9.24802e-05 1.22654 ];
Pos( 33,:) = [ 1.5 -4.79098e-05 1.2263 ];
Pos( 34,:) = [ 1.49985 -9.58074e-20 1.22677 ];
Pos( 35,:) = [ 1.50001 -0.000109959 1.2265 ];
Pos( 36,:) = [ 1.50006 -0.000106114 1.22651 ];
Pos( 37,:) = [ 1.50006 2.00495e-05 1.22628 ];
Pos( 38,:) = [ 1.49996 6.44744e-06 1.22635 ];
Pos( 39,:) = [ 1.49998 -0.000380146 1.22643 ];
Pos( 40,:) = [ 1.49995 -0.000149085 1.22636 ];
Pos( 41,:) = [ 1.49958 3.27395e-05 1.22632 ];
Pos( 42,:) = [ 1.49959 0.000114219 1.22647 ];
Pos( 43,:) = [ 1.50009 2.96533e-05 1.22645 ];
Pos( 44,:) = [ 1.50013 -1.8507e-07 1.22644 ];
Pos( 45,:) = [ 1.49852 1.26672e-06 1.22059 ];
Pos( 46,:) = [ 1.49852 -3.96649e-07 1.22059 ];
Pos( 47,:) = [ 1.49851 -3.27656e-05 1.22057 ];
Pos( 48,:) = [ 1.49851 -1.04561e-06 1.22059 ];
Pos( 49,:) = [ 1.49852 -1.09939e-06 1.22059 ];
Pos( 50,:) = [ 1.49852 -3.95403e-07 1.22059 ];
Pos( 51,:) = [ 1.49852 7.00316e-07 1.22059 ];
Pos( 52,:) = [ 1.49852 -2.72375e-06 1.22059 ];
Pos( 53,:) = [ 1.49852 2.54579e-06 1.22059 ];
Pos( 54,:) = [ 1.49851 1.81294e-05 1.22059 ];
Pos( 55,:) = [ 1.49857 0.000110035 1.22035 ];
Pos( 56,:) = [ 1.49852 4.57636e-06 1.2206 ];
Pos( 57,:) = [ 1.49851 3.26931e-06 1.22058 ];
Pos( 58,:) = [ 1.49851 2.09561e-05 1.22058 ];
Pos( 59,:) = [ 1.49852 7.39016e-06 1.22059 ];
Pos( 60,:) = [ 1.49852 -4.94575e-06 1.22059 ];
Pos( 61,:) = [ 1.49852 -3.04208e-06 1.22059 ];
Pos( 62,:) = [ 1.49852 -1.43316e-21 1.2206 ];
Pos( 63,:) = [ 1.49852 -1.81578e-06 1.22059 ];
Pos( 64,:) = [ 1.49851 4.66948e-06 1.22059 ];
Pos( 65,:) = [ 1.49852 -1.77772e-06 1.22059 ];
Pos( 66,:) = [ 1.49851 -1.34663e-05 1.22057 ];
Pos( 67,:) = [ 1.49852 -3.17721e-07 1.22059 ];
Pos( 68,:) = [ 1.49851 8.59332e-06 1.22057 ];
Pos( 69,:) = [ 1.49852 -1.00858e-06 1.22059 ];
Pos( 70,:) = [ 1.49852 -4.65121e-06 1.22059 ];
Pos( 71,:) = [ 1.49851 -9.64689e-06 1.22059 ];
Pos( 72,:) = [ 1.49852 -6.94764e-22 1.22059 ];
Pos( 73,:) = [ 1.49851 -2.11399e-06 1.22059 ];
Pos( 74,:) = [ 1.49852 8.64818e-05 1.22055 ];
Pos( 75,:) = [ 1.49851 -5.6008e-06 1.22059 ];
Pos( 76,:) = [ 1.49851 -4.81631e-05 1.22056 ];
Pos( 77,:) = [ 1.49847 0.00029812 1.22035 ];
Pos( 78,:) = [ 1.49852 3.59773e-06 1.22059 ];
Pos( 79,:) = [ 1.49853 4.55666e-05 1.22049 ];
Pos( 80,:) = [ 1.49852 1.35642e-07 1.22059 ];
Pos( 81,:) = [ 1.49851 3.21219e-06 1.22059 ];
Pos( 82,:) = [ 1.49852 -4.94575e-06 1.22059 ];
Pos( 83,:) = [ 1.49715 8.60727e-07 1.21462 ];
Pos( 84,:) = [ 1.49715 -1.22301e-07 1.21462 ];
Pos( 85,:) = [ 1.49715 1.69307e-06 1.21462 ];
Pos( 86,:) = [ 1.49715 -1.16148e-06 1.21462 ];
Pos( 87,:) = [ 1.49715 -3.12403e-06 1.21462 ];
Pos( 88,:) = [ 1.49715 -1.87149e-06 1.21462 ];
Pos( 89,:) = [ 1.49715 -6.60866e-07 1.21462 ];
Pos( 90,:) = [ 1.49715 -3.69417e-06 1.21462 ];
Pos( 91,:) = [ 1.49715 -8.00957e-06 1.21462 ];
Pos( 92,:) = [ 1.49715 4.68897e-06 1.21462 ];
Pos( 93,:) = [ 1.49715 -1.43096e-06 1.21462 ];
Pos( 94,:) = [ 1.49715 1.75141e-06 1.21462 ];
Pos( 95,:) = [ 1.49715 7.63967e-07 1.21462 ];
Pos( 96,:) = [ 1.49715 -1.93568e-06 1.21462 ];
Pos( 97,:) = [ 1.49715 -1.5325e-05 1.21462 ];
Pos( 98,:) = [ 1.49715 -3.68976e-07 1.21462 ];
Pos( 99,:) = [ 1.49715 3.89329e-06 1.21462 ];
Pos( 100,:) = [ 1.49715 -6.02549e-06 1.21462 ];
