Pos( 1,:) = [ 1.49 0 1.2 ];
Pos( 2,:) = [ 1.49 0 1.2 ];
Pos( 3,:) = [ 1.49 0 1.2 ];
Pos( 4,:) = [ 1.49 0 1.2 ];
Pos( 5,:) = [ 1.49 0 1.2 ];
Pos( 6,:) = [ 1.49 0 1.2 ];
Pos( 7,:) = [ 1.49 0 1.2 ];
Pos( 8,:) = [ 1.49 0 1.2 ];
Pos( 9,:) = [ 1.49 0 1.2 ];
Pos( 10,:) = [ 1.49 0 1.2 ];
Pos( 11,:) = [ 1.49 0 1.2 ];
Pos( 12,:) = [ 1.49 0 1.2 ];
Pos( 13,:) = [ 1.49 0 1.2 ];
Pos( 14,:) = [ 1.49 0 1.2 ];
Pos( 15,:) = [ 1.49 0 1.2 ];
Pos( 16,:) = [ 1.49 0 1.2 ];
Pos( 17,:) = [ 1.49 0 1.2 ];
Pos( 18,:) = [ 1.49 0 1.2 ];
Pos( 19,:) = [ 1.49 0 1.2 ];
Pos( 20,:) = [ 1.49 0 1.2 ];
Pos( 21,:) = [ 1.49 0 1.2 ];
Pos( 22,:) = [ 1.49 0 1.2 ];
Pos( 23,:) = [ 1.49 0 1.2 ];
Pos( 24,:) = [ 1.49 0 1.2 ];
Pos( 25,:) = [ 1.49 0 1.2 ];
Pos( 26,:) = [ 1.49 0 1.2 ];
Pos( 27,:) = [ 1.49 0 1.2 ];
Pos( 28,:) = [ 1.49 0 1.2 ];
Pos( 29,:) = [ 1.49 0 1.2 ];
Pos( 30,:) = [ 1.49 0 1.2 ];
Pos( 31,:) = [ 1.49 0 1.2 ];
Pos( 32,:) = [ 1.49 0 1.2 ];
Pos( 33,:) = [ 1.49 0 1.2 ];
Pos( 34,:) = [ 1.49 0 1.2 ];
Pos( 35,:) = [ 1.49 0 1.2 ];
Pos( 36,:) = [ 1.49 0 1.2 ];
Pos( 37,:) = [ 1.49 0 1.2 ];
Pos( 38,:) = [ 1.49 0 1.2 ];
Pos( 39,:) = [ 1.49 0 1.2 ];
Pos( 40,:) = [ 1.49 0 1.2 ];
Pos( 41,:) = [ 1.49 0 1.2 ];
Pos( 42,:) = [ 1.49 0 1.2 ];
Pos( 43,:) = [ 1.49 0 1.2 ];
Pos( 44,:) = [ 1.49 0 1.2 ];
Pos( 45,:) = [ 1.49 0 1.2 ];
Pos( 46,:) = [ 1.49 0 1.2 ];
Pos( 47,:) = [ 1.49 0 1.2 ];
Pos( 48,:) = [ 1.49 0 1.2 ];
Pos( 49,:) = [ 1.49 0 1.2 ];
Pos( 50,:) = [ 1.49 0 1.2 ];
Pos( 51,:) = [ 1.49 0 1.2 ];
Pos( 52,:) = [ 1.49 0 1.2 ];
Pos( 53,:) = [ 1.49 0 1.2 ];
Pos( 54,:) = [ 1.49 0 1.2 ];
Pos( 55,:) = [ 1.49 0 1.2 ];
Pos( 56,:) = [ 1.49 0 1.2 ];
Pos( 57,:) = [ 1.49 0 1.2 ];
Pos( 58,:) = [ 1.49 0 1.2 ];
Pos( 59,:) = [ 1.49 0 1.2 ];
Pos( 60,:) = [ 1.49 0 1.2 ];
Pos( 61,:) = [ 1.49 0 1.2 ];
Pos( 62,:) = [ 1.49 0 1.2 ];
Pos( 63,:) = [ 1.49 0 1.2 ];
Pos( 64,:) = [ 1.49 0 1.2 ];
Pos( 65,:) = [ 1.49 0 1.2 ];
Pos( 66,:) = [ 1.49 0 1.2 ];
Pos( 67,:) = [ 1.49 0 1.2 ];
Pos( 68,:) = [ 1.49 0 1.2 ];
Pos( 69,:) = [ 1.49 0 1.2 ];
Pos( 70,:) = [ 1.49 0 1.2 ];
Pos( 71,:) = [ 1.49 0 1.2 ];
Pos( 72,:) = [ 1.49 0 1.2 ];
Pos( 73,:) = [ 1.49 0 1.2 ];
Pos( 74,:) = [ 1.49 0 1.2 ];
Pos( 75,:) = [ 1.49 0 1.2 ];
Pos( 76,:) = [ 1.49 0 1.2 ];
Pos( 77,:) = [ 1.49 0 1.2 ];
Pos( 78,:) = [ 1.49 0 1.2 ];
Pos( 79,:) = [ 1.49 0 1.2 ];
Pos( 80,:) = [ 1.49 0 1.2 ];
Pos( 81,:) = [ 1.49 0 1.2 ];
Pos( 82,:) = [ 1.49 0 1.2 ];
Pos( 83,:) = [ 1.49 0 1.2 ];
Pos( 84,:) = [ 1.49 0 1.2 ];
Pos( 85,:) = [ 1.49 0 1.2 ];
Pos( 86,:) = [ 1.49 0 1.2 ];
Pos( 87,:) = [ 1.49 0 1.2 ];
Pos( 88,:) = [ 1.49 0 1.2 ];
Pos( 89,:) = [ 1.49 0 1.2 ];
Pos( 90,:) = [ 1.49 0 1.2 ];
Pos( 91,:) = [ 1.49 0 1.2 ];
Pos( 92,:) = [ 1.49 0 1.2 ];
Pos( 93,:) = [ 1.49 0 1.2 ];
Pos( 94,:) = [ 1.49 0 1.2 ];
Pos( 95,:) = [ 1.49 0 1.2 ];
Pos( 96,:) = [ 1.49 0 1.2 ];
Pos( 97,:) = [ 1.49 0 1.2 ];
Pos( 98,:) = [ 1.49 0 1.2 ];
Pos( 99,:) = [ 1.49 0 1.2 ];
Pos( 100,:) = [ 1.49 0 1.2 ];
