Pos( 1,:) = [ 1.49 0 1.22416 ];
Pos( 2,:) = [ 1.49 0 1.22416 ];
Pos( 3,:) = [ 1.49 0 1.22416 ];
Pos( 4,:) = [ 1.49 0 1.22416 ];
Pos( 5,:) = [ 1.49 0 1.22416 ];
Pos( 6,:) = [ 1.49 0 1.22416 ];
Pos( 7,:) = [ 1.49 0 1.22416 ];
Pos( 8,:) = [ 1.49 0 1.22416 ];
Pos( 9,:) = [ 1.49 0 1.22416 ];
Pos( 10,:) = [ 1.49 0 1.22416 ];
Pos( 11,:) = [ 1.49 0 1.22416 ];
Pos( 12,:) = [ 1.49 0 1.22416 ];
Pos( 13,:) = [ 1.49 0 1.22416 ];
Pos( 14,:) = [ 1.49 0 1.22416 ];
Pos( 15,:) = [ 1.49 0 1.22416 ];
Pos( 16,:) = [ 1.49 0 1.22416 ];
Pos( 17,:) = [ 1.49 0 1.22416 ];
Pos( 18,:) = [ 1.49 0 1.22416 ];
Pos( 19,:) = [ 1.49 0 1.22416 ];
Pos( 20,:) = [ 1.49 0 1.22416 ];
Pos( 21,:) = [ 1.49 0 1.22416 ];
Pos( 22,:) = [ 1.49 0 1.22416 ];
Pos( 23,:) = [ 1.49 0 1.22416 ];
Pos( 24,:) = [ 1.49 0 1.22416 ];
Pos( 25,:) = [ 1.49 0 1.22416 ];
Pos( 26,:) = [ 1.49 0 1.22416 ];
Pos( 27,:) = [ 1.49 0 1.22416 ];
Pos( 28,:) = [ 1.49 0 1.22416 ];
Pos( 29,:) = [ 1.49 0 1.22416 ];
Pos( 30,:) = [ 1.49 0 1.22416 ];
Pos( 31,:) = [ 1.49 0 1.22416 ];
Pos( 32,:) = [ 1.49 0 1.22416 ];
Pos( 33,:) = [ 1.49 0 1.22416 ];
Pos( 34,:) = [ 1.49 0 1.22416 ];
Pos( 35,:) = [ 1.49 0 1.22416 ];
Pos( 36,:) = [ 1.49 0 1.22416 ];
Pos( 37,:) = [ 1.49 0 1.22416 ];
Pos( 38,:) = [ 1.49 0 1.22416 ];
Pos( 39,:) = [ 1.49 0 1.22416 ];
Pos( 40,:) = [ 1.49 0 1.22416 ];
Pos( 41,:) = [ 1.49 0 1.22416 ];
Pos( 42,:) = [ 1.49 0 1.22416 ];
Pos( 43,:) = [ 1.49 0 1.22416 ];
Pos( 44,:) = [ 1.49 0 1.22416 ];
Pos( 45,:) = [ 1.49 0 1.22416 ];
Pos( 46,:) = [ 1.49 0 1.22416 ];
Pos( 47,:) = [ 1.49 0 1.22416 ];
Pos( 48,:) = [ 1.49 0 1.22416 ];
Pos( 49,:) = [ 1.49 0 1.22416 ];
Pos( 50,:) = [ 1.49 0 1.22416 ];
Pos( 51,:) = [ 1.49 0 1.22416 ];
Pos( 52,:) = [ 1.49 0 1.22416 ];
Pos( 53,:) = [ 1.49 0 1.22416 ];
Pos( 54,:) = [ 1.49 0 1.22416 ];
Pos( 55,:) = [ 1.49 0 1.22416 ];
Pos( 56,:) = [ 1.49 0 1.22416 ];
Pos( 57,:) = [ 1.49 0 1.22416 ];
Pos( 58,:) = [ 1.49 0 1.22416 ];
Pos( 59,:) = [ 1.49 0 1.22416 ];
Pos( 60,:) = [ 1.49 0 1.22416 ];
Pos( 61,:) = [ 1.49 0 1.22416 ];
Pos( 62,:) = [ 1.49 0 1.22416 ];
Pos( 63,:) = [ 1.49 0 1.22416 ];
Pos( 64,:) = [ 1.49 0 1.22416 ];
Pos( 65,:) = [ 1.49 0 1.22416 ];
Pos( 66,:) = [ 1.49 0 1.22416 ];
Pos( 67,:) = [ 1.49 0 1.22416 ];
Pos( 68,:) = [ 1.49 0 1.22416 ];
Pos( 69,:) = [ 1.49 0 1.22416 ];
Pos( 70,:) = [ 1.49 0 1.22416 ];
Pos( 71,:) = [ 1.49 0 1.22416 ];
Pos( 72,:) = [ 1.49 0 1.22416 ];
Pos( 73,:) = [ 1.49 0 1.22416 ];
Pos( 74,:) = [ 1.49 0 1.22416 ];
Pos( 75,:) = [ 1.49 0 1.22416 ];
Pos( 76,:) = [ 1.49 0 1.22416 ];
Pos( 77,:) = [ 1.49 0 1.22416 ];
Pos( 78,:) = [ 1.49 0 1.22416 ];
Pos( 79,:) = [ 1.49 0 1.22416 ];
Pos( 80,:) = [ 1.49 0 1.22416 ];
Pos( 81,:) = [ 1.49 0 1.22416 ];
Pos( 82,:) = [ 1.49 0 1.22416 ];
Pos( 83,:) = [ 1.49 0 1.22416 ];
Pos( 84,:) = [ 1.49 0 1.22416 ];
Pos( 85,:) = [ 1.49 0 1.22416 ];
Pos( 86,:) = [ 1.49 0 1.22416 ];
Pos( 87,:) = [ 1.49 0 1.22416 ];
Pos( 88,:) = [ 1.49 0 1.22416 ];
Pos( 89,:) = [ 1.49 0 1.22416 ];
Pos( 90,:) = [ 1.49 0 1.22416 ];
Pos( 91,:) = [ 1.49 0 1.22416 ];
Pos( 92,:) = [ 1.49 0 1.22416 ];
Pos( 93,:) = [ 1.49 0 1.22416 ];
Pos( 94,:) = [ 1.49 0 1.22416 ];
Pos( 95,:) = [ 1.49 0 1.22416 ];
Pos( 96,:) = [ 1.49 0 1.22416 ];
Pos( 97,:) = [ 1.49 0 1.22416 ];
Pos( 98,:) = [ 1.49 0 1.22416 ];
Pos( 99,:) = [ 1.49 0 1.22416 ];
Pos( 100,:) = [ 1.49 0 1.22416 ];
Pos( 101,:) = [ 1.49 0 1.22416 ];
Pos( 102,:) = [ 1.49 0 1.22416 ];
Pos( 103,:) = [ 1.49 0 1.22416 ];
Pos( 104,:) = [ 1.49 0 1.22416 ];
Pos( 105,:) = [ 1.49 0 1.22416 ];
Pos( 106,:) = [ 1.49 0 1.22416 ];
Pos( 107,:) = [ 1.49 0 1.22416 ];
Pos( 108,:) = [ 1.49 0 1.22416 ];
Pos( 109,:) = [ 1.49 0 1.22416 ];
Pos( 110,:) = [ 1.49 0 1.22416 ];
Pos( 111,:) = [ 1.49 0 1.22416 ];
Pos( 112,:) = [ 1.49 0 1.22416 ];
Pos( 113,:) = [ 1.49 0 1.22416 ];
Pos( 114,:) = [ 1.49 0 1.22416 ];
Pos( 115,:) = [ 1.49 0 1.22416 ];
Pos( 116,:) = [ 1.49 0 1.22416 ];
Pos( 117,:) = [ 1.49 0 1.22416 ];
Pos( 118,:) = [ 1.49 0 1.22416 ];
Pos( 119,:) = [ 1.49 0 1.22416 ];
Pos( 120,:) = [ 1.49 0 1.22416 ];
Pos( 121,:) = [ 1.49 0 1.22416 ];
Pos( 122,:) = [ 1.49 0 1.22416 ];
Pos( 123,:) = [ 1.49 0 1.22416 ];
Pos( 124,:) = [ 1.49 0 1.22416 ];
Pos( 125,:) = [ 1.49 0 1.22416 ];
Pos( 126,:) = [ 1.49 0 1.22416 ];
Pos( 127,:) = [ 1.49 0 1.22416 ];
Pos( 128,:) = [ 1.49 0 1.22416 ];
Pos( 129,:) = [ 1.49 0 1.22416 ];
Pos( 130,:) = [ 1.49 0 1.22416 ];
Pos( 131,:) = [ 1.49 0 1.22416 ];
Pos( 132,:) = [ 1.49 0 1.22416 ];
Pos( 133,:) = [ 1.49 0 1.22416 ];
Pos( 134,:) = [ 1.49 0 1.22416 ];
Pos( 135,:) = [ 1.49 0 1.22416 ];
Pos( 136,:) = [ 1.49 0 1.22416 ];
Pos( 137,:) = [ 1.49 0 1.22416 ];
Pos( 138,:) = [ 1.49 0 1.22416 ];
Pos( 139,:) = [ 1.49 0 1.22416 ];
Pos( 140,:) = [ 1.49 0 1.22416 ];
Pos( 141,:) = [ 1.49 0 1.22416 ];
Pos( 142,:) = [ 1.49 0 1.22416 ];
Pos( 143,:) = [ 1.49 0 1.22416 ];
Pos( 144,:) = [ 1.49 0 1.22416 ];
Pos( 145,:) = [ 1.49 0 1.22416 ];
Pos( 146,:) = [ 1.49 0 1.22416 ];
Pos( 147,:) = [ 1.49 0 1.22416 ];
Pos( 148,:) = [ 1.49 0 1.22416 ];
Pos( 149,:) = [ 1.49 0 1.22416 ];
Pos( 150,:) = [ 1.49 0 1.22416 ];
Pos( 151,:) = [ 1.49 0 1.22416 ];
Pos( 152,:) = [ 1.49 0 1.22416 ];
Pos( 153,:) = [ 1.49 0 1.22416 ];
Pos( 154,:) = [ 1.49 0 1.22416 ];
Pos( 155,:) = [ 1.49 0 1.22416 ];
Pos( 156,:) = [ 1.49 0 1.22416 ];
Pos( 157,:) = [ 1.49 0 1.22416 ];
Pos( 158,:) = [ 1.49 0 1.22416 ];
Pos( 159,:) = [ 1.49 0 1.22416 ];
Pos( 160,:) = [ 1.49 0 1.22416 ];
Pos( 161,:) = [ 1.49 0 1.22416 ];
Pos( 162,:) = [ 1.49 0 1.22416 ];
Pos( 163,:) = [ 1.49 0 1.22416 ];
Pos( 164,:) = [ 1.49 0 1.22416 ];
Pos( 165,:) = [ 1.49 0 1.22416 ];
Pos( 166,:) = [ 1.49 0 1.22416 ];
Pos( 167,:) = [ 1.49 0 1.22416 ];
Pos( 168,:) = [ 1.49 0 1.22416 ];
Pos( 169,:) = [ 1.49 0 1.22416 ];
Pos( 170,:) = [ 1.49 0 1.22416 ];
Pos( 171,:) = [ 1.49 0 1.22416 ];
Pos( 172,:) = [ 1.49 0 1.22416 ];
Pos( 173,:) = [ 1.49 0 1.22416 ];
Pos( 174,:) = [ 1.49 0 1.22416 ];
Pos( 175,:) = [ 1.49 0 1.22416 ];
Pos( 176,:) = [ 1.49 0 1.22416 ];
Pos( 177,:) = [ 1.49 0 1.22416 ];
Pos( 178,:) = [ 1.49 0 1.22416 ];
Pos( 179,:) = [ 1.49 0 1.22416 ];
Pos( 180,:) = [ 1.49 0 1.22416 ];
Pos( 181,:) = [ 1.49 0 1.22416 ];
Pos( 182,:) = [ 1.49 0 1.22416 ];
Pos( 183,:) = [ 1.49 0 1.22416 ];
Pos( 184,:) = [ 1.49 0 1.22416 ];
Pos( 185,:) = [ 1.49 0 1.22416 ];
Pos( 186,:) = [ 1.49 0 1.22416 ];
Pos( 187,:) = [ 1.49 0 1.22416 ];
Pos( 188,:) = [ 1.49 0 1.22416 ];
Pos( 189,:) = [ 1.49 0 1.22416 ];
Pos( 190,:) = [ 1.49 0 1.22416 ];
Pos( 191,:) = [ 1.49 0 1.22416 ];
Pos( 192,:) = [ 1.49 0 1.22416 ];
Pos( 193,:) = [ 1.49 0 1.22416 ];
Pos( 194,:) = [ 1.49 0 1.22416 ];
Pos( 195,:) = [ 1.49 0 1.22416 ];
Pos( 196,:) = [ 1.49 0 1.22416 ];
Pos( 197,:) = [ 1.49 0 1.22416 ];
Pos( 198,:) = [ 1.49 0 1.22416 ];
Pos( 199,:) = [ 1.49 0 1.22416 ];
Pos( 200,:) = [ 1.49 0 1.22416 ];
